   0.0000000e+00   0.0000000e+00   0.0000000e+00   0.0000000e+00   0.0000000e+00   0.0000000e+00   0.0000000e+00   0.0000000e+00   0.0000000e+00   0.0000000e+00   0.0000000e+00   0.0000000e+00   0.0000000e+00   0.0000000e+00   0.0000000e+00   0.0000000e+00   1.0000000e+00
   0.0000000e+00   0.0000000e+00   0.0000000e+00   0.0000000e+00   0.0000000e+00   0.0000000e+00   0.0000000e+00   0.0000000e+00   0.0000000e+00   0.0000000e+00   0.0000000e+00   0.0000000e+00   0.0000000e+00   0.0000000e+00   0.0000000e+00   1.0000000e+00   0.0000000e+00
   0.0000000e+00   0.0000000e+00   0.0000000e+00   0.0000000e+00   0.0000000e+00   0.0000000e+00   0.0000000e+00   0.0000000e+00   0.0000000e+00   0.0000000e+00   0.0000000e+00   0.0000000e+00   0.0000000e+00   0.0000000e+00   1.0000000e+00   0.0000000e+00   0.0000000e+00
   0.0000000e+00   0.0000000e+00   0.0000000e+00   0.0000000e+00   0.0000000e+00   0.0000000e+00   0.0000000e+00   0.0000000e+00   0.0000000e+00   0.0000000e+00   0.0000000e+00   0.0000000e+00   0.0000000e+00   1.0000000e+00   0.0000000e+00   0.0000000e+00   0.0000000e+00
   0.0000000e+00   0.0000000e+00   0.0000000e+00   0.0000000e+00   0.0000000e+00   0.0000000e+00   0.0000000e+00   0.0000000e+00   0.0000000e+00   0.0000000e+00   0.0000000e+00   0.0000000e+00   1.0000000e+00   0.0000000e+00   0.0000000e+00   0.0000000e+00   0.0000000e+00
   0.0000000e+00   0.0000000e+00   0.0000000e+00   0.0000000e+00   0.0000000e+00   0.0000000e+00   0.0000000e+00   0.0000000e+00   0.0000000e+00   0.0000000e+00   0.0000000e+00   1.0000000e+00   0.0000000e+00   0.0000000e+00   0.0000000e+00   0.0000000e+00   0.0000000e+00
   0.0000000e+00   0.0000000e+00   0.0000000e+00   0.0000000e+00   0.0000000e+00   0.0000000e+00   0.0000000e+00   0.0000000e+00   0.0000000e+00   0.0000000e+00   1.0000000e+00   0.0000000e+00   0.0000000e+00   0.0000000e+00   0.0000000e+00   0.0000000e+00   0.0000000e+00
   0.0000000e+00   0.0000000e+00   0.0000000e+00   0.0000000e+00   0.0000000e+00   0.0000000e+00   0.0000000e+00   0.0000000e+00   0.0000000e+00   1.0000000e+00   0.0000000e+00   0.0000000e+00   0.0000000e+00   0.0000000e+00   0.0000000e+00   0.0000000e+00   0.0000000e+00
   0.0000000e+00   0.0000000e+00   0.0000000e+00   0.0000000e+00   0.0000000e+00   0.0000000e+00   0.0000000e+00   0.0000000e+00   1.0000000e+00   0.0000000e+00   0.0000000e+00   0.0000000e+00   0.0000000e+00   0.0000000e+00   0.0000000e+00   0.0000000e+00   0.0000000e+00
   0.0000000e+00   0.0000000e+00   0.0000000e+00   0.0000000e+00   0.0000000e+00   0.0000000e+00   0.0000000e+00   1.0000000e+00   0.0000000e+00   0.0000000e+00   0.0000000e+00   0.0000000e+00   0.0000000e+00   0.0000000e+00   0.0000000e+00   0.0000000e+00   0.0000000e+00
   0.0000000e+00   0.0000000e+00   0.0000000e+00   0.0000000e+00   0.0000000e+00   0.0000000e+00   1.0000000e+00   0.0000000e+00   0.0000000e+00   0.0000000e+00   0.0000000e+00   0.0000000e+00   0.0000000e+00   0.0000000e+00   0.0000000e+00   0.0000000e+00   0.0000000e+00
   0.0000000e+00   0.0000000e+00   0.0000000e+00   0.0000000e+00   0.0000000e+00   1.0000000e+00   0.0000000e+00   0.0000000e+00   0.0000000e+00   0.0000000e+00   0.0000000e+00   0.0000000e+00   0.0000000e+00   0.0000000e+00   0.0000000e+00   0.0000000e+00   0.0000000e+00
   0.0000000e+00   0.0000000e+00   0.0000000e+00   0.0000000e+00   1.0000000e+00   0.0000000e+00   0.0000000e+00   0.0000000e+00   0.0000000e+00   0.0000000e+00   0.0000000e+00   0.0000000e+00   0.0000000e+00   0.0000000e+00   0.0000000e+00   0.0000000e+00   0.0000000e+00
   0.0000000e+00   0.0000000e+00   0.0000000e+00   1.0000000e+00   0.0000000e+00   0.0000000e+00   0.0000000e+00   0.0000000e+00   0.0000000e+00   0.0000000e+00   0.0000000e+00   0.0000000e+00   0.0000000e+00   0.0000000e+00   0.0000000e+00   0.0000000e+00   0.0000000e+00
   0.0000000e+00   0.0000000e+00   1.0000000e+00   0.0000000e+00   0.0000000e+00   0.0000000e+00   0.0000000e+00   0.0000000e+00   0.0000000e+00   0.0000000e+00   0.0000000e+00   0.0000000e+00   0.0000000e+00   0.0000000e+00   0.0000000e+00   0.0000000e+00   0.0000000e+00
   0.0000000e+00   1.0000000e+00   0.0000000e+00   0.0000000e+00   0.0000000e+00   0.0000000e+00   0.0000000e+00   0.0000000e+00   0.0000000e+00   0.0000000e+00   0.0000000e+00   0.0000000e+00   0.0000000e+00   0.0000000e+00   0.0000000e+00   0.0000000e+00   0.0000000e+00
   1.9144386e-05   1.3276224e-01   7.5059212e-02   2.7857757e-02   1.4353713e-02   1.0622613e-03   1.3567092e-01   1.1471811e-01   6.4496396e-02   6.9388551e-02   6.4030649e-02   1.5394047e-01   2.8295690e-02   7.7775249e-04   1.4950265e-02   3.8562809e-02   6.4054070e-02
   7.3500357e-05   8.4717832e-03   1.2599322e-01   5.9163341e-03   9.6398223e-02   4.5407213e-02   2.8484109e-02   2.6952835e-03   1.4423554e-01   1.4057545e-01   8.3926440e-03   6.3707171e-02   3.4293780e-02   7.1980056e-02   6.5399533e-02   1.2241369e-01   3.5562464e-02
   3.6952998e-04   5.5024518e-03   1.9068262e-02   9.6696722e-02   1.1204006e-01   1.1521372e-01   7.9756579e-02   1.3137461e-01   9.7780648e-02   1.8987500e-02   4.0738822e-02   1.1733635e-02   1.8911754e-03   2.1472637e-02   1.1712799e-01   9.9666944e-02   3.0578719e-02
   4.6523906e-04   6.1347175e-02   4.1289577e-03   5.3796119e-02   3.2240393e-02   3.5891489e-02   1.5827085e-01   7.0996301e-04   1.1322656e-01   1.7222858e-02   1.1207429e-02   7.5061527e-02   3.1960354e-02   5.1098591e-02   1.6829663e-01   1.4875816e-01   3.6317709e-02
   6.0260257e-04   1.0296102e-01   1.0207349e-01   9.1147218e-03   3.2931727e-02   9.0117085e-02   1.3030936e-01   5.4132330e-04   1.6665377e-02   8.8120205e-03   8.1677136e-04   1.2208731e-01   7.2032738e-02   1.1064934e-01   1.0737895e-01   5.3834012e-02   3.9072146e-02
   6.2368063e-04   5.4269825e-02   5.8896659e-02   4.7900653e-03   8.6219901e-02   1.1595309e-01   2.9191255e-02   1.0497870e-01   1.9109345e-03   3.3760349e-04   8.6645863e-02   8.3006879e-02   1.3836778e-01   6.3971007e-02   8.7683555e-03   1.5869100e-02   1.4619930e-01
   6.2712945e-04   3.0947371e-02   4.1415027e-02   2.9458896e-02   9.1444045e-02   9.6403877e-02   7.9420080e-02   9.2462162e-02   1.1147019e-01   6.8130784e-02   1.1715893e-01   1.9163670e-02   5.2094499e-04   1.3671048e-01   3.5748746e-02   2.9805490e-02   1.9112184e-02
   6.5404039e-04   7.9783010e-02   2.6883404e-02   4.2231380e-02   7.4888159e-03   1.2803814e-01   1.3456378e-01   1.5248539e-02   9.8178608e-02   2.0035958e-03   5.4291104e-03   1.6321311e-01   7.7449100e-03   1.4424062e-01   1.0904642e-02   6.6666044e-02   6.6728246e-02
   7.1103912e-04   6.4126407e-02   1.1809422e-01   2.3677201e-02   1.3206597e-01   9.0840039e-03   4.1064756e-02   1.0337552e-01   1.2296725e-01   2.7276248e-04   1.3675105e-01   1.7545932e-02   1.2486325e-01   8.1442077e-04   1.6278418e-02   3.5981056e-02   5.2326730e-02
   7.1846021e-04   1.1446145e-04   6.1202851e-02   2.9941885e-02   2.3776375e-02   9.3536199e-02   7.5405114e-02   1.0852780e-01   3.4642915e-03   1.1378795e-01   9.1009725e-02   8.0948739e-02   6.6999169e-03   1.0837449e-01   6.4938318e-02   1.0518630e-01   3.2367124e-02
   8.4062343e-04   1.2646076e-01   2.1715194e-02   2.5275328e-02   1.1131208e-01   1.1473885e-01   1.1303736e-01   4.7243285e-02   1.8580401e-02   1.2579770e-01   3.8746903e-03   2.0540550e-02   8.2035296e-02   2.6284413e-02   1.1678440e-01   5.3185579e-03   4.0160504e-02
   9.2896520e-04   1.2128532e-01   3.2407281e-02   4.9716342e-02   8.6207756e-02   2.5328949e-02   8.9025315e-02   1.3542621e-01   1.2129012e-01   1.6357917e-02   1.1967085e-01   1.5190425e-02   4.5109081e-02   1.2881537e-02   6.8970118e-03   5.8637402e-03   1.1641317e-01
   9.3872601e-04   1.3290721e-01   4.6209923e-02   3.6828209e-02   1.4226700e-02   4.8513687e-02   1.0822158e-02   4.6004548e-02   5.3797488e-02   7.7581153e-02   9.1360153e-02   1.6329834e-01   1.2451014e-02   8.8242292e-02   2.6108280e-02   1.3205274e-01   1.8657372e-02
   1.1249038e-03   1.1790014e-01   9.1118024e-02   3.2349771e-02   1.5477000e-02   1.4199772e-03   2.7350364e-02   3.9602172e-02   1.8005745e-02   4.1140537e-02   3.8048507e-02   8.0226323e-02   9.4784436e-02   2.4298720e-02   1.3395880e-01   1.1714604e-01   1.2604855e-01
   1.2446569e-03   2.4872313e-04   1.1609408e-01   1.7416070e-01   2.4032521e-05   3.8652441e-02   7.0050205e-02   5.9294507e-02   9.0344235e-02   7.1847333e-02   1.2154673e-01   8.2381440e-03   2.4325910e-05   1.7401224e-01   2.5610035e-02   4.2959883e-02   5.6477254e-03
   1.3100530e-03   5.3916264e-02   1.1311858e-01   6.4132933e-02   3.6003809e-02   1.2091022e-01   1.3872420e-01   9.0996693e-02   6.2440912e-04   3.2248497e-02   1.2865903e-01   2.6326598e-03   8.3680286e-03   1.2729694e-01   8.2740077e-03   1.0590646e-02   6.2193034e-02
   1.3991626e-03   1.0207903e-02   2.1055440e-02   3.6011022e-02   1.3372281e-01   2.8690550e-02   1.2032588e-01   1.0603018e-03   1.1216079e-01   1.0470104e-01   9.2605630e-03   1.0882081e-01   9.1481123e-02   1.9085390e-02   4.5042147e-03   9.0738982e-02   1.0677400e-01
   1.4693619e-03   7.3962102e-03   7.6639468e-02   6.5647713e-03   1.0831627e-01   1.0449799e-01   1.0622106e-01   7.4407387e-02   6.9333585e-02   1.0397025e-01   4.6926044e-02   7.2468416e-02   7.0482210e-02   1.6373638e-02   3.3766924e-02   3.6376262e-02   6.4790155e-02
   1.5719034e-03   3.0038455e-02   3.9615565e-02   1.5348422e-01   3.5890349e-02   9.9425863e-03   6.6802692e-02   6.5241702e-02   9.1230587e-02   8.7481055e-03   3.6790800e-02   1.5553617e-01   6.2186182e-02   5.4188206e-03   1.5508273e-01   5.5616042e-03   7.6857529e-02
   1.5787414e-03   1.3873743e-01   4.3621058e-02   4.0244874e-02   2.7842797e-02   1.1244464e-01   2.4455411e-02   3.4769596e-02   7.9230742e-02   4.6783875e-02   1.6274798e-01   1.1750671e-02   7.5595684e-02   1.3899206e-01   7.3719624e-03   1.3406773e-02   4.0425715e-02
   1.6016227e-03   1.2789328e-03   2.5748018e-02   6.6002663e-02   1.5395457e-01   1.2967387e-01   2.0348373e-02   7.9426146e-02   6.5041232e-03   7.5467100e-02   1.0402960e-01   5.3021459e-03   1.6088406e-02   1.1630862e-01   8.5068588e-03   3.6414765e-02   1.5334419e-01
   1.6221297e-03   2.9276728e-03   1.2088616e-02   1.2450178e-01   1.2794932e-01   6.3063447e-03   7.3771889e-02   2.9024699e-02   8.8935502e-03   1.1107614e-01   5.1482491e-03   5.3399933e-02   7.4372692e-02   1.8479267e-01   8.7819813e-02   1.5229491e-02   8.1075014e-02
   1.7733110e-03   2.0907692e-03   9.0476335e-03   4.2459603e-02   1.2012231e-01   1.0355159e-02   1.4215120e-01   9.0315124e-02   5.5346797e-02   1.4316920e-01   3.4727439e-02   6.6702759e-02   1.0611264e-02   1.2544785e-01   6.8783829e-03   1.3869112e-01   1.1007774e-04
   1.9198757e-03   5.6198792e-03   2.4533703e-03   1.1933154e-01   4.5180370e-02   9.4573504e-02   1.1732680e-01   2.1862481e-03   2.3464766e-02   9.2725416e-02   7.8612145e-03   1.1780454e-01   5.7626259e-02   1.0005387e-01   7.4094012e-02   9.6184025e-02   4.1594308e-02
   2.2996837e-03   9.1557558e-02   1.3140591e-01   1.9373556e-02   6.5578901e-03   4.9340432e-02   1.5226317e-01   1.3094143e-01   3.4733822e-02   2.0805842e-02   8.7988498e-03   1.6358419e-02   1.0204956e-02   7.5113504e-02   4.6387556e-02   5.1756487e-02   1.5210093e-01
   2.4003946e-03   6.3219026e-02   6.0132522e-02   1.9904126e-02   6.5141291e-02   6.7907349e-03   1.9824671e-03   1.4832722e-02   6.5338538e-02   1.3222049e-01   1.0420707e-01   1.3849595e-02   3.0246466e-02   7.0376598e-02   1.1317022e-01   1.3444081e-01   1.0174693e-01
   2.4181459e-03   1.1055766e-01   9.7499924e-03   1.8106091e-01   2.7922159e-02   3.9188272e-02   1.0613293e-01   1.5534534e-01   2.2785734e-02   7.6134600e-03   1.0231587e-01   2.5871330e-02   2.2890745e-02   2.8226996e-02   8.6013616e-02   3.6321476e-02   3.5585367e-02
   2.4565410e-03   2.6163799e-02   2.5788185e-02   1.3629223e-01   1.9865012e-02   2.6102891e-02   1.3854471e-01   4.7078977e-02   7.2511150e-02   2.5533386e-02   1.4974053e-01   1.9923748e-02   4.7487426e-02   1.4620733e-02   1.6323101e-01   7.8201523e-02   6.4581473e-03
   2.5758275e-03   5.1765802e-03   1.2294810e-01   2.7535285e-02   4.8150164e-02   2.6571283e-02   1.9148155e-03   1.2260371e-01   1.3429982e-01   1.0596529e-01   2.9864860e-02   4.2264422e-02   5.1691893e-02   9.8448193e-02   1.2890372e-01   1.4014491e-02   3.7071547e-02
   2.6955077e-03   1.0696379e-01   1.1950104e-01   1.6091558e-01   5.9375247e-02   5.3180697e-02   9.8183543e-02   6.0941704e-02   6.9856896e-02   1.5066922e-02   1.1789812e-03   1.3525658e-02   5.2994289e-03   1.3041004e-03   7.8586839e-02   4.2419134e-02   1.1100493e-01
   2.7492253e-03   6.9769091e-02   1.3339228e-01   2.5849636e-02   2.5628851e-02   1.3403494e-01   2.7145189e-02   7.8191692e-02   1.2699895e-01   1.1929682e-01   1.8472034e-02   9.0679279e-03   3.3223019e-02   1.0622871e-02   7.0478796e-02   3.7032491e-04   1.1470836e-01
   2.8532468e-03   1.9012206e-03   4.9938218e-03   1.0689923e-01   1.6479110e-02   5.1065886e-02   2.8727161e-02   9.7876154e-02   3.8101996e-02   4.3969616e-02   5.6607521e-02   9.6573208e-03   2.2178447e-02   1.3105935e-01   1.2440532e-01   1.3181057e-01   1.3141403e-01
   2.9638672e-03   7.7004035e-02   2.1766794e-02   1.0842078e-02   4.6583820e-03   2.0480440e-02   1.0145652e-01   7.2415823e-02   1.2781769e-02   1.1926374e-01   1.4308637e-01   9.8806000e-02   1.3761408e-01   6.8709906e-03   2.6596120e-02   3.0685824e-02   1.1270717e-01
   2.9989050e-03   6.8753059e-02   1.1963386e-02   4.1473379e-02   2.8128292e-03   1.3996790e-01   1.3663050e-03   6.1037247e-02   1.1337422e-01   4.3690184e-02   3.9795877e-02   1.2901838e-02   5.3868680e-02   1.4326284e-01   1.5304935e-01   7.7292581e-02   3.2391428e-02
   3.1332671e-03   8.1941494e-03   1.5639978e-01   1.7859095e-01   1.1889869e-02   9.7037938e-03   7.1342036e-03   4.5581279e-02   1.8805779e-01   1.0593138e-01   2.7314705e-02   6.8065668e-02   4.1898548e-02   1.1188314e-02   3.0721588e-02   7.6317762e-02   2.9876956e-02
   3.3142277e-03   2.3203077e-02   1.0277265e-01   1.6938560e-02   2.2056310e-03   1.2284630e-01   4.7492400e-02   5.9816081e-05   3.0982566e-02   1.3223352e-01   8.6479867e-02   6.9231184e-02   8.9417305e-02   3.8285230e-02   8.3636973e-02   1.3072841e-01   2.0172283e-02
   3.5240784e-03   1.1709388e-01   5.4543277e-02   1.4812123e-02   4.0777143e-02   9.9148122e-02   7.3214970e-02   1.2115032e-01   4.1268361e-03   1.3599682e-02   4.7224843e-02   6.4847726e-03   7.3903788e-03   1.1536719e-01   1.1385217e-01   1.0333532e-01   6.4354899e-02
   3.5621533e-03   6.7075374e-02   5.9218833e-03   7.3687462e-02   2.0223316e-05   5.8390681e-02   2.7022095e-03   7.5880274e-02   2.4721516e-02   9.2039135e-02   9.1748119e-02   8.8784962e-03   1.1779863e-01   1.4807701e-01   1.3858020e-02   2.6391519e-02   1.8924730e-01
   3.6005634e-03   9.1118297e-02   2.8115814e-02   1.6340389e-02   1.9983269e-01   4.0201610e-02   8.4275652e-02   2.9254883e-02   3.9180700e-02   2.4579289e-02   7.2856725e-02   8.4867805e-02   1.8785020e-02   9.4861098e-03   2.1345029e-01   2.2938627e-02   2.1115530e-02
   3.6005646e-03   3.6557843e-02   2.2982268e-02   4.0397775e-02   1.7698730e-01   4.4092112e-02   3.4201722e-02   7.1791945e-02   9.1238405e-03   1.4043230e-01   8.4048061e-03   1.0167189e-01   5.2980962e-02   2.9054941e-02   1.1128667e-02   1.5903782e-01   5.7553242e-02
   3.7936938e-03   3.6802524e-02   1.2656124e-01   8.0306275e-03   1.1569377e-01   4.2405831e-03   9.8630816e-02   3.6942119e-02   2.4703056e-03   1.2739680e-01   2.0171075e-02   9.6690529e-03   7.0747174e-03   1.2270525e-01   6.8813561e-02   1.1601427e-01   9.4989579e-02
   3.7937035e-03   1.8448460e-02   8.8981416e-02   9.9139849e-02   1.7582728e-02   9.2904897e-02   8.9990519e-04   7.1263064e-03   3.1406905e-02   1.2929605e-01   5.5475562e-03   1.2615492e-01   5.8124374e-02   1.3377295e-01   1.3492077e-02   1.1080638e-01   6.2521522e-02
   3.9285178e-03   4.0848056e-02   2.1162087e-02   4.6389727e-02   8.4170835e-02   7.9134913e-02   1.3458562e-01   3.7292814e-03   1.0474380e-02   1.3240605e-01   8.2306680e-02   9.4317694e-02   7.5840315e-02   3.8533933e-02   3.4933700e-03   1.4591696e-01   2.7615861e-03
   3.9684435e-03   1.5459424e-01   2.8828809e-02   1.4299275e-01   3.6843364e-02   7.8677132e-02   1.1505337e-01   1.2742588e-03   2.9476789e-02   1.1041201e-01   1.1217083e-02   6.0985501e-03   1.7488789e-02   7.2175125e-02   7.9956790e-02   3.2830570e-02   7.8111934e-02
   4.2001474e-03   4.0356765e-04   7.4040928e-02   1.0781527e-01   2.9451513e-03   5.5425190e-02   7.7695965e-02   2.3586256e-02   1.5272786e-01   1.1254320e-01   1.3744677e-01   4.8613437e-04   1.4048719e-01   2.7193600e-02   6.9543641e-02   3.4651677e-03   9.9939718e-03
   4.2305890e-03   1.1849417e-01   1.0782406e-01   1.0638699e-01   1.3944473e-01   9.9607822e-02   3.4086279e-02   8.2519105e-03   9.1015376e-02   2.7721068e-02   8.5154612e-03   7.6776864e-04   5.8035553e-02   1.3974949e-02   1.9496703e-02   2.2431055e-02   1.3971553e-01
   4.4644076e-03   2.6411449e-02   1.1412019e-03   3.5678323e-02   3.7240603e-02   3.4516826e-03   9.1874455e-02   1.3752463e-01   2.4797323e-02   9.8242772e-02   8.8521453e-02   1.4994140e-01   3.2371007e-02   1.5715761e-01   4.3245859e-02   7.3088072e-04   6.7204947e-02
   4.5590019e-03   9.8373851e-02   1.4478810e-01   6.6801490e-02   1.8682654e-02   1.2544289e-02   3.4427134e-02   1.0193003e-01   9.7936218e-02   8.2454156e-02   2.1057085e-02   6.3284316e-03   7.7527109e-02   1.4325526e-01   3.2456721e-03   7.6158458e-02   9.9310576e-03
   4.5610953e-03   4.8209978e-02   9.5921354e-02   9.3701046e-02   3.0118218e-02   9.9270087e-02   1.1742202e-01   6.0182889e-02   2.7477183e-02   9.8804967e-02   1.2579004e-01   1.0782840e-03   2.5624664e-02   1.4201725e-02   2.0733144e-02   9.7118585e-02   3.9784721e-02
   4.7423067e-03   8.5341565e-02   6.3453592e-03   9.8652714e-03   1.5685185e-01   3.7307010e-02   1.1088356e-01   3.3212143e-03   1.4842386e-01   5.2736465e-02   8.4865565e-02   2.4127108e-02   1.0055821e-01   1.2196273e-02   8.0892961e-02   2.5530642e-02   5.6010774e-02
   4.7500162e-03   3.2910427e-02   1.0818189e-01   1.1436062e-01   8.0918492e-03   2.0962127e-02   1.3215975e-01   6.3359155e-03   6.1350556e-03   1.1249127e-01   9.3595714e-02   8.8886988e-02   1.1293644e-01   1.0894409e-02   1.3256870e-01   1.1188812e-02   3.5500130e-03
   4.8606131e-03   3.7480503e-02   1.4260928e-02   4.9672969e-02   3.9341764e-02   2.7497262e-02   1.6416044e-01   4.8159955e-02   4.9725907e-02   4.3552863e-02   1.3924845e-02   3.5229576e-02   7.4463797e-02   3.1780604e-02   6.7768934e-02   1.8009561e-01   1.1802343e-01
   4.9185159e-03   1.2882354e-01   9.8016115e-02   5.1923623e-03   4.0571598e-03   6.7803599e-02   6.2481209e-02   1.4869672e-01   4.9038983e-02   2.1151739e-02   7.6812195e-03   9.3100343e-02   1.0989065e-01   1.1420649e-03   1.4646743e-02   1.6150183e-01   2.1857212e-02
   4.9255287e-03   5.6554902e-03   1.2021842e-02   1.2687961e-01   6.8826728e-02   2.4367634e-02   9.9427361e-02   1.6611870e-02   3.3427519e-02   5.1247416e-03   1.1547059e-01   5.3753354e-02   4.1163336e-02   1.1773531e-01   2.0010659e-02   1.2367158e-01   1.3092685e-01
   5.1216382e-03   2.9708784e-02   8.4828459e-04   1.4648975e-01   1.0212961e-01   1.1040121e-01   1.2716724e-01   1.5910998e-02   1.0687963e-02   1.2857186e-01   7.2246090e-02   4.0255366e-02   4.6118047e-02   5.2792461e-02   1.4057813e-02   1.2240438e-02   8.5252449e-02
   5.1942834e-03   3.3852141e-02   1.3174228e-01   7.5400074e-02   1.4075094e-01   8.5759479e-02   4.4713169e-02   1.5746658e-02   9.7153886e-02   1.2698417e-01   6.0742011e-02   1.7484861e-02   1.2377843e-02   5.4956172e-02   3.9120699e-02   2.6821019e-02   3.1200324e-02
   5.3044794e-03   7.2814452e-02   3.0805612e-02   7.7770062e-02   5.3940582e-02   9.3735323e-03   3.3725385e-02   1.3021084e-01   3.5901216e-02   6.1302909e-02   1.2614589e-01   4.5808817e-03   1.1698788e-01   4.8135992e-02   7.5456841e-02   8.1460878e-03   1.0939736e-01
   5.4837369e-03   3.8642955e-03   5.3089439e-03   2.3581465e-02   1.1419552e-02   2.8162780e-02   5.2792115e-02   1.6443313e-01   4.9666048e-02   1.4581478e-01   2.1831067e-03   5.5243729e-02   1.2806103e-02   1.3426720e-01   1.3757168e-01   9.8300224e-02   6.9101102e-02
   5.5285708e-03   1.9837350e-02   1.3675733e-01   1.3366004e-01   6.9920820e-02   1.3977300e-01   6.8931931e-02   1.1777414e-02   6.3543990e-03   1.2510815e-01   3.3983234e-02   1.8748643e-02   2.6809818e-02   2.9731629e-02   8.7883875e-02   1.5392239e-02   6.9801545e-02
   5.6985806e-03   6.4132556e-02   1.0750741e-01   9.0557081e-02   3.9505410e-02   5.7566647e-02   4.8151931e-02   7.7737031e-02   1.0402888e-01   2.6567460e-02   1.0427628e-01   3.8499761e-03   4.4668326e-03   7.8995860e-02   1.4852468e-03   5.2264441e-02   1.3320837e-01
   5.8198406e-03   1.2224950e-01   1.0706641e-02   7.1975013e-02   5.6313721e-02   1.2921824e-01   5.1530474e-02   1.1340653e-01   3.8286251e-02   1.2797740e-01   1.4577135e-02   1.1368109e-01   1.5111684e-02   6.8499766e-03   9.3471657e-02   2.0789663e-02   8.0351817e-03
   5.8889799e-03   1.2483349e-01   1.0169212e-01   1.1521761e-02   5.8752775e-02   2.9147839e-03   8.1841601e-03   2.2779811e-02   1.3598397e-01   1.4806090e-01   1.0120787e-01   1.6941710e-02   1.7315608e-02   8.9860451e-02   5.4397672e-02   9.2031412e-02   7.6325200e-03
   6.0695009e-03   3.9151017e-02   2.1220785e-02   2.7070465e-02   6.0536983e-02   2.1880751e-01   7.1087638e-02   1.8517096e-02   3.3774559e-03   8.1554113e-02   9.2836897e-02   5.4697045e-02   1.4896318e-02   4.5559230e-02   1.1132318e-01   6.0573831e-02   7.2720934e-02
   6.0803057e-03   1.6160529e-01   2.3664496e-02   2.4671981e-02   2.5484476e-02   6.0894765e-03   7.0574499e-02   1.0092402e-02   6.0171327e-02   1.2768555e-01   2.1480861e-02   7.2883386e-02   1.0723153e-01   7.5904931e-02   1.1591493e-01   1.9710278e-03   8.8493535e-02
   6.0819718e-03   1.7567068e-02   7.4325579e-04   1.5985186e-02   1.3487044e-02   1.4864832e-01   1.4187844e-01   1.0917801e-01   1.1856647e-02   1.1677783e-01   1.1451566e-03   1.4204970e-01   1.3158712e-02   1.3709259e-01   3.4105724e-05   9.9777048e-02   2.4538912e-02
   6.1303042e-03   1.6658563e-01   2.5886595e-02   1.4388267e-01   5.4033558e-02   1.2295006e-01   3.5685652e-03   5.9110549e-03   7.9949228e-02   3.5634783e-02   4.3271800e-02   2.1547499e-02   6.9188203e-02   1.3431233e-01   3.1477207e-02   2.4226817e-02   3.1443695e-02
   6.1489102e-03   2.7698680e-02   1.1491302e-01   1.6815048e-02   7.9173336e-02   8.1582294e-03   2.6706637e-02   1.2277445e-01   1.4434384e-01   3.2906933e-02   2.6796877e-02   1.4386429e-01   4.3355173e-02   5.6679301e-02   3.2524298e-02   1.8187242e-02   9.8953727e-02
   6.2743123e-03   1.8247370e-02   1.0498370e-01   2.4674327e-02   3.2300581e-02   8.0649485e-03   8.4086977e-02   4.1588519e-02   7.8989265e-02   3.8875784e-02   1.3172157e-01   1.0495844e-01   1.0852819e-01   1.9271997e-02   1.2660550e-01   4.1482367e-02   2.9346148e-02
   6.5099863e-03   1.3326255e-01   1.0037032e-01   4.3676789e-02   3.3793056e-02   5.7452063e-02   5.0391060e-02   6.5384393e-02   3.2058129e-03   1.3554841e-01   4.4632416e-03   2.3403073e-02   3.0713971e-02   1.2338562e-01   4.2487706e-02   9.9778131e-04   1.4495417e-01
   6.7814383e-03   1.5553355e-01   1.5153880e-02   2.0823787e-02   2.7453934e-02   4.2624796e-04   1.3224593e-02   5.8598564e-02   8.4893538e-02   9.9324606e-02   9.7354020e-02   1.4061858e-01   5.2488909e-02   6.3402461e-02   1.5123524e-01   1.1627682e-02   1.0589692e-03
   6.8018974e-03   6.3510225e-02   1.4329594e-02   9.9913866e-03   4.4912471e-02   1.3937289e-01   1.1349240e-01   5.7470298e-04   3.3755317e-02   9.7085636e-02   1.1830326e-02   1.1511757e-02   1.5503802e-01   1.1658620e-01   8.3941325e-02   4.6148055e-02   5.1117803e-02
   6.8375594e-03   1.3507088e-02   1.3198537e-01   5.6418267e-03   1.4993666e-02   2.3902969e-02   6.0948703e-02   5.1781044e-02   1.2576244e-01   8.8325964e-02   1.4676452e-01   1.2784440e-01   9.7889977e-02   7.9489379e-02   1.0386015e-02   7.4632995e-03   6.4757844e-03
   6.9426883e-03   3.5181592e-03   1.2903856e-01   1.2281404e-02   7.2607395e-02   6.8246403e-02   1.3780607e-01   1.5549337e-02   4.3972287e-03   9.1386021e-03   5.0562583e-02   1.5557450e-02   3.7179138e-02   3.6402065e-02   1.3796677e-01   1.3929718e-01   1.2350898e-01
   7.0196865e-03   9.8566421e-02   2.0105149e-02   8.2212639e-02   6.8288502e-03   1.2679992e-02   6.6759587e-02   1.7637810e-02   2.1558892e-03   1.2753492e-01   1.2966559e-01   4.7384688e-02   1.1156232e-02   9.7597353e-02   6.5573143e-02   7.9644908e-02   1.2747714e-01
   7.0750987e-03   4.1146816e-02   3.2064736e-02   5.5764021e-02   1.3689936e-01   1.7490120e-01   4.2654059e-02   1.3253147e-01   2.6580467e-02   7.1839566e-02   1.5243789e-02   7.6652073e-02   1.1708649e-01   2.6990640e-04   2.0587362e-04   1.4707390e-02   5.4377679e-02
   7.2830085e-03   4.6935116e-02   1.1191394e-01   7.1440925e-02   6.2817133e-02   1.0786176e-01   5.3835452e-04   1.6388219e-02   3.1712704e-05   1.0531743e-01   1.1292049e-01   1.1441583e-01   6.8061409e-02   4.2672886e-02   9.3583221e-02   5.7514180e-03   3.2067151e-02
   7.3447613e-03   4.4543960e-02   3.8677692e-02   1.3902453e-01   4.3942442e-02   1.1448101e-01   4.7792715e-02   1.1842200e-01   2.9805336e-02   5.5363713e-02   8.6055087e-02   1.2496177e-01   1.0528278e-02   1.1640717e-03   1.8558932e-02   1.1648428e-01   2.8494304e-03
   7.3471477e-03   1.4032252e-01   2.1387808e-02   1.0994421e-02   1.2854332e-01   1.2070559e-01   4.6816371e-02   3.6584607e-02   1.6739132e-03   1.4781546e-02   1.1650963e-01   1.2969964e-01   3.1433630e-02   1.1511768e-02   1.3214852e-01   4.4113972e-04   4.9098433e-02
   7.3794050e-03   7.5219291e-02   9.4985832e-03   1.1142973e-01   1.1839891e-01   2.3114751e-02   1.3391741e-01   3.3384640e-02   3.0252005e-02   1.3487559e-01   5.8056006e-02   1.6381306e-02   4.5275331e-03   3.4170855e-02   1.2597915e-01   1.1697030e-02   7.1717799e-02
   7.6070887e-03   8.3382729e-04   5.0939423e-03   1.0938733e-01   9.9737334e-02   6.1510374e-02   1.0956953e-01   1.0696103e-01   1.0310546e-01   9.5583368e-02   1.4590302e-02   3.1890299e-03   6.2769813e-02   6.5759456e-03   1.1384011e-01   2.1440477e-03   9.7501473e-02
   7.6120304e-03   1.9045003e-02   4.7007263e-02   6.5207734e-03   5.7673730e-02   2.1156374e-03   1.0720192e-01   1.3571341e-01   1.0134059e-01   1.3598574e-01   7.9146347e-02   4.3337861e-02   1.5585352e-02   8.2125908e-02   1.8340996e-02   6.8198756e-02   7.3048696e-02
   7.9258034e-03   9.2702031e-03   1.2410761e-01   8.9471758e-02   1.5680927e-01   3.3904507e-03   4.3070910e-03   1.1537400e-01   1.2511430e-01   4.8587212e-03   8.8147982e-02   3.6088086e-03   3.3485304e-02   5.9853655e-02   1.7441507e-02   1.5374822e-01   3.0853123e-03
   8.0305497e-03   1.3648272e-01   3.6532387e-02   5.8575070e-02   1.7768471e-01   8.9647485e-02   2.5843568e-03   5.0374578e-03   1.6621882e-02   3.3820117e-02   1.5625702e-03   7.5048558e-02   1.1444110e-02   3.3575037e-02   1.2302449e-01   9.1763493e-02   9.8565009e-02
   8.2590437e-03   6.1724987e-02   3.4213265e-02   2.0830435e-03   3.3220821e-02   2.1728960e-02   7.1879162e-02   1.3451054e-01   1.2368442e-01   1.1950447e-01   1.2468706e-01   3.3451158e-02   6.1498406e-02   4.9533909e-03   1.0596953e-01   5.0707680e-02   7.9240627e-03
   8.3221822e-03   1.2511938e-01   1.8777876e-02   1.3156434e-02   8.2925493e-03   7.9420191e-02   1.6956718e-02   1.3144917e-01   6.0349478e-02   1.0498060e-01   1.2737777e-01   1.4805645e-02   4.1089939e-03   1.0348351e-01   5.9694924e-03   5.5335317e-02   1.2209469e-01
   8.4141495e-03   8.2186052e-02   1.7313543e-01   1.6142860e-01   4.2063238e-02   4.6883578e-03   9.8426896e-04   1.8511454e-01   5.4154463e-02   2.6157073e-03   1.0021616e-01   1.6993975e-02   2.9586201e-02   8.0294487e-02   1.7523564e-02   1.2040201e-02   2.8560613e-02
   8.4168528e-03   1.8806776e-02   1.2423941e-01   2.5855153e-02   1.1613351e-01   8.0497463e-02   1.1577882e-01   1.5826060e-01   1.3741534e-02   1.4575352e-02   1.7187096e-01   1.3899410e-03   1.7945728e-02   5.4656771e-02   2.5029108e-02   5.2633521e-02   1.6850811e-04
   8.4860977e-03   5.3478471e-04   3.5068318e-02   1.3902571e-01   1.3899561e-01   5.5794814e-02   2.5866492e-03   7.6096344e-03   1.7379514e-02   1.4510820e-02   1.1653765e-01   7.5960067e-03   1.3378259e-01   1.0394125e-01   1.1227248e-01   4.4564266e-02   6.1313799e-02
   8.5219681e-03   3.6631604e-03   9.0734657e-02   4.2090658e-02   5.6256211e-02   1.6252080e-01   2.5777441e-02   1.3554796e-01   3.4304761e-02   3.1812986e-02   4.1425735e-02   5.4585514e-02   8.6745523e-02   2.0556086e-02   1.0167580e-01   1.7703010e-02   8.6077730e-02
   8.6495844e-03   1.4703944e-03   1.7697914e-02   2.6897598e-03   2.1943716e-02   9.5376137e-02   1.2911288e-01   6.8112839e-02   1.1038768e-01   1.4256395e-01   1.6979642e-02   1.7782602e-02   6.0901107e-02   1.4176600e-01   5.1827408e-02   5.1839082e-03   1.0755448e-01
   8.7178117e-03   3.0040585e-02   8.3411563e-02   1.1207410e-01   9.4308385e-02   1.8682505e-02   3.2450732e-02   1.5521263e-02   9.2707210e-02   9.1126768e-03   1.8851940e-02   9.4782542e-02   9.2913351e-04   7.0609488e-02   1.0025307e-01   1.2828232e-01   8.9264677e-02
   8.8503320e-03   1.2921338e-01   1.7876992e-02   2.9939167e-02   1.1381918e-01   5.8181345e-03   1.7043481e-02   2.2002363e-02   1.4868420e-02   3.7623229e-02   2.9304585e-02   7.3198520e-02   1.5374079e-01   1.1078209e-01   5.0981188e-02   1.5090848e-01   3.4029662e-02
   8.8923441e-03   1.2116727e-01   5.3779731e-02   1.5887657e-02   1.3815755e-01   4.3507403e-02   4.9999516e-02   2.3120026e-03   1.2049837e-03   9.2462771e-03   2.6728677e-02   2.5220510e-02   1.3144147e-01   2.5497304e-03   1.4428656e-01   1.4306193e-01   8.2556392e-02
   9.3122271e-03   1.1743429e-01   7.7485725e-02   1.0748317e-01   2.4023029e-03   7.3049056e-02   5.9440343e-02   5.0803558e-02   1.6540740e-03   5.5055357e-02   8.6544269e-02   2.4247573e-02   1.2478045e-01   8.8040749e-02   3.2083006e-04   3.8355191e-02   8.3590844e-02
   9.3594982e-03   2.9190911e-02   1.1825554e-01   1.8026434e-02   1.0803296e-03   3.9458931e-02   1.1575521e-01   1.5351423e-01   1.3058849e-02   4.2379702e-02   8.8216863e-03   2.8557111e-02   5.9184212e-02   2.4074749e-03   1.5826085e-01   1.1911234e-01   8.3576700e-02
   9.4184125e-03   4.6858706e-02   1.1981810e-03   8.8839100e-02   4.7280207e-02   8.8896501e-02   9.8033896e-02   1.0628670e-02   1.6541547e-01   2.0980451e-03   1.3130160e-01   1.6035920e-02   1.1366783e-01   8.0946762e-02   3.2927024e-02   4.3201964e-02   2.3251712e-02
   9.4225533e-03   1.0689600e-02   5.9884357e-02   1.3829631e-01   8.5703613e-02   1.2543026e-02   1.0345588e-01   1.2277937e-01   4.4255349e-02   3.6045636e-02   9.6481513e-03   7.4696848e-02   1.2605881e-02   1.1276761e-01   3.3759724e-02   4.5956430e-02   8.7489654e-02
   9.5202334e-03   4.8177328e-02   5.9669244e-02   4.7933635e-03   7.6417952e-02   6.8329291e-02   5.8590872e-02   1.3767635e-01   9.2806930e-02   5.2585743e-02   2.1103307e-02   3.0732302e-02   1.5410379e-01   1.1533667e-01   3.2003403e-02   2.3447790e-02   1.4705435e-02
   9.9552799e-03   1.2736661e-01   4.6853209e-03   1.4629075e-01   3.4976781e-02   4.1412749e-02   1.1185581e-01   1.3677524e-01   1.0532988e-02   4.6634392e-02   4.4621434e-04   7.0521102e-02   1.7748942e-02   1.1933534e-01   8.7951785e-04   1.1290686e-01   7.6761127e-03
   1.0002493e-02   2.2797731e-02   8.6921955e-03   8.6630973e-02   1.4243582e-02   1.0116553e-01   1.7810551e-02   7.1909101e-02   1.4809396e-02   2.5678201e-02   1.2947354e-01   8.8417283e-02   7.4177263e-02   1.3952685e-01   9.3464614e-02   9.6287191e-02   4.9135149e-03
   1.0060202e-02   1.2959656e-01   1.8246152e-02   2.0591663e-03   5.3583812e-02   1.3588111e-01   5.5297778e-02   6.2300358e-02   1.3628380e-01   7.3911527e-02   1.2372957e-01   7.1559252e-02   9.9143600e-03   3.5985121e-02   1.4674786e-02   6.5048653e-02   1.8677997e-03
   1.0281987e-02   8.6200882e-03   8.6772548e-02   5.1364073e-02   2.4322790e-02   1.2731902e-01   1.2402550e-02   4.5190113e-02   6.8463412e-03   7.9789928e-02   1.2091659e-01   7.9323687e-02   8.3123031e-02   1.7322676e-01   1.1355132e-02   3.7744707e-03   7.5370885e-02
   1.0726431e-02   6.6204904e-05   1.3173696e-01   8.5228897e-02   6.3608952e-02   4.9400782e-03   1.0684079e-01   2.0517080e-02   1.2389307e-01   1.5654766e-02   1.1606249e-02   1.2839092e-01   2.0154443e-02   1.1541397e-01   7.1191587e-02   1.9920871e-02   7.0108722e-02
   1.0892778e-02   7.1057719e-02   1.4990869e-01   3.7843375e-04   1.9249805e-02   7.5400257e-02   7.2570904e-02   7.8394002e-06   1.2921584e-01   5.7470469e-02   8.0496465e-03   9.9059669e-02   7.3631639e-03   2.6969203e-02   1.4572089e-01   3.5117305e-02   9.1567383e-02
   1.2085900e-02   1.1667380e-01   8.5599284e-02   9.1654148e-02   5.0982081e-02   7.7815475e-02   1.0506709e-04   1.2069579e-01   1.3711685e-02   1.2342413e-01   1.2254668e-02   6.6474799e-02   2.8155319e-02   1.0700622e-01   3.3859026e-04   8.6522558e-02   6.5004857e-03
   1.2252602e-02   9.4163028e-02   1.5233806e-01   7.3562329e-02   1.6082476e-01   2.3492988e-02   1.4288314e-01   9.4275341e-03   6.6446636e-02   8.9318995e-03   1.9733440e-02   6.9784835e-03   7.3522948e-02   1.2410920e-01   1.9782578e-03   1.9837952e-02   9.5167457e-03
   1.2307100e-02   9.0980412e-02   5.3777578e-02   6.1885829e-02   4.6451163e-02   4.2851257e-03   4.8420395e-02   1.8011213e-02   7.5322053e-02   1.6930613e-02   7.8105399e-02   1.8175135e-01   3.1163289e-02   4.3473822e-02   1.6864447e-02   4.4359709e-02   1.7591050e-01
   1.2372346e-02   2.9357491e-02   1.9868804e-02   1.2502538e-01   8.4687365e-02   1.2866726e-01   4.6921895e-03   9.8869363e-02   9.9808669e-02   1.3139122e-03   1.1498971e-01   6.9030929e-03   1.2446207e-01   6.8699940e-02   9.2735747e-03   2.5394958e-02   4.5613876e-02
   1.2529596e-02   2.6048929e-02   1.3345659e-01   1.2433675e-01   2.1197078e-02   1.0141250e-01   4.8305308e-02   5.2453158e-02   6.3660753e-02   1.2371417e-01   1.1722369e-02   1.3807572e-01   6.5972619e-02   3.9317824e-02   3.2855847e-03   2.3286965e-02   1.1224094e-02
   1.2707367e-02   4.4904994e-02   1.7360962e-01   4.7831602e-02   1.2551341e-01   6.1313097e-03   1.4210634e-02   2.8291861e-02   1.7691792e-02   1.6812751e-01   2.0196132e-02   3.2810044e-02   1.2757022e-01   3.2558027e-02   2.6577172e-03   1.0734979e-01   3.7837957e-02
   1.3554384e-02   9.0370137e-02   2.9576710e-03   6.2059056e-02   1.5930014e-03   1.0057395e-03   9.2763004e-02   4.7844662e-02   9.7841536e-02   1.4126581e-01   5.1496202e-02   1.1949646e-01   2.4153269e-02   1.0935845e-02   2.1431776e-02   1.0790039e-01   1.1333106e-01
   1.3762986e-02   1.3576859e-01   4.8133960e-02   1.1007520e-01   1.4024342e-02   3.0283680e-03   4.5473138e-04   3.3373761e-02   3.2816444e-02   9.0965561e-02   7.8917911e-02   9.4127090e-02   2.9033259e-02   2.1258854e-03   1.3828553e-01   1.6072188e-01   1.4384509e-02
   1.3872684e-02   1.2668546e-01   4.1587183e-03   1.4220390e-02   4.2784950e-02   9.7913112e-02   1.0936935e-01   1.5163525e-01   9.3972705e-02   2.3543478e-03   1.0265565e-01   1.5162839e-03   2.2026991e-02   1.4080910e-02   1.5570601e-01   2.6800856e-02   2.0246328e-02
   1.4105728e-02   1.2495939e-01   2.5974105e-02   2.6556989e-02   5.3566313e-02   4.0803795e-03   4.8333937e-02   2.8269385e-03   1.6748210e-01   8.2484967e-02   1.0212867e-02   7.5866702e-02   5.5460303e-02   1.3460105e-01   4.1485997e-02   6.2877281e-02   6.9124948e-02
   1.4175742e-02   1.4743965e-02   1.5180235e-01   6.9185693e-02   3.9844187e-02   1.1770909e-02   1.3043877e-01   1.4821586e-02   8.5886623e-03   1.0201924e-01   1.5634043e-01   1.2410069e-01   5.6657664e-04   3.2444800e-02   6.5560466e-02   6.2827034e-02   7.6889971e-04
   1.4289616e-02   9.5903555e-02   1.0799670e-02   1.0707635e-02   8.4782694e-03   5.8522563e-02   2.2387512e-02   1.3432936e-01   7.8245587e-02   1.3622439e-01   1.1226192e-02   6.8103412e-03   7.2521207e-02   1.2685467e-01   1.7553583e-02   1.2907520e-01   6.6070651e-02
   1.4879503e-02   8.8614202e-02   2.2845312e-03   2.4211872e-02   3.7857679e-02   8.7648865e-02   1.4602367e-02   6.4956396e-02   3.7578979e-02   1.5987005e-02   4.8800342e-02   1.9628482e-02   1.5370429e-01   6.3552214e-03   1.7736563e-01   9.6448955e-03   1.9587974e-01
   1.5104356e-02   8.9750310e-02   1.4784438e-01   9.0892093e-02   1.1075073e-01   5.3666733e-02   1.2424368e-02   3.5922669e-02   2.6651205e-02   3.7593764e-02   4.9260988e-02   1.5258676e-01   9.0111261e-03   1.4294069e-01   6.6744397e-03   1.4384390e-02   4.5410016e-03
   1.5267151e-02   4.0829166e-02   6.7163811e-02   3.3657401e-02   2.9532648e-02   5.5672673e-03   1.4550696e-01   5.3672596e-02   8.9473876e-02   1.2755016e-02   1.2094218e-01   4.3490738e-02   1.5168114e-02   4.5354942e-02   1.8337704e-01   6.9967257e-03   9.1244365e-02
   1.5316652e-02   1.3699868e-01   4.8887024e-02   3.5555333e-03   1.2610267e-01   4.5350579e-03   8.5298331e-02   1.0669997e-01   1.2795140e-01   2.2934801e-02   2.1886669e-03   3.1416106e-02   2.9274238e-02   1.1997178e-01   9.5260945e-02   7.5340689e-03   3.6074083e-02
   1.5407581e-02   7.1045633e-04   1.6880604e-02   7.9705402e-02   1.2152271e-01   2.7367746e-02   6.2047005e-02   1.0422043e-04   2.1964756e-02   1.0281957e-01   1.6437403e-02   3.6379637e-03   1.0891765e-01   9.7441612e-02   1.2314584e-01   1.2194094e-01   7.9948536e-02
   1.5595890e-02   8.3046549e-02   2.6290055e-02   1.3585623e-01   7.0775418e-03   3.6253877e-03   2.1381491e-02   4.4811322e-02   1.4124150e-01   2.3146476e-05   6.4926365e-02   1.6992832e-02   1.4458417e-01   1.1400368e-01   5.9599992e-02   2.8675718e-02   9.2268122e-02
   1.5694876e-02   1.2774197e-01   1.0527562e-03   4.7034297e-02   8.7838049e-03   2.1470203e-03   6.1652074e-03   1.5048896e-01   9.7208840e-02   1.2359383e-01   5.0930165e-02   1.2954337e-01   1.1786221e-01   6.8955613e-02   2.2070802e-02   1.1792085e-03   2.9547066e-02
   1.6083895e-02   7.0619656e-02   6.0831546e-03   1.2074900e-01   7.4335287e-03   3.9391485e-02   2.2547587e-03   1.5155230e-02   1.3392197e-01   5.5274147e-02   1.0398335e-01   9.3347610e-02   1.4001374e-01   9.0627832e-03   2.2506644e-02   9.4410940e-02   6.9708108e-02
   1.6243737e-02   6.5377963e-02   4.5453139e-03   1.1507168e-01   1.4521985e-01   7.2483410e-02   3.9682752e-02   1.2968829e-01   2.8212488e-02   1.0890722e-01   1.1524687e-01   4.1851141e-03   1.0019663e-01   1.0663327e-03   1.1753445e-02   4.1565210e-03   3.7962397e-02
   1.6300161e-02   2.1891781e-02   2.8625312e-02   1.5581229e-01   9.0144541e-03   2.1096151e-02   8.6871968e-02   6.0040018e-02   1.2176325e-02   6.1700730e-03   4.1729390e-02   1.1768673e-01   1.6047797e-02   1.9650118e-01   1.3188717e-01   7.1376053e-02   6.7731387e-03
   1.6320166e-02   9.0293136e-02   1.8515708e-02   1.2516545e-03   8.7014994e-02   6.3219449e-03   6.5181936e-02   7.2222585e-02   6.6808714e-02   1.2737162e-02   1.4364115e-01   4.5542527e-02   8.5258458e-02   1.2720650e-01   7.1193726e-02   2.8868408e-02   6.1621232e-02
   1.6376136e-02   9.0727175e-02   1.2903244e-02   1.3988379e-01   1.8376638e-02   1.3680127e-01   1.4872556e-01   2.4631779e-02   2.9732693e-03   1.4252254e-01   3.6630480e-03   8.0304962e-02   5.5542055e-03   1.3611838e-01   1.3167613e-02   6.1896398e-03   2.1080744e-02
   1.6430960e-02   8.2137305e-02   9.3629895e-02   9.8076530e-02   1.1946467e-01   1.0966758e-01   1.6534043e-02   1.1832795e-02   3.7490152e-02   2.8459040e-03   4.6740262e-03   1.1631021e-01   8.6768267e-02   1.1271026e-02   9.5062892e-02   8.3337088e-03   8.9470032e-02
   1.6692020e-02   1.3364549e-02   1.6925454e-02   4.2697687e-02   7.3128724e-02   1.5715548e-02   1.0304266e-01   8.3591345e-02   4.5707944e-02   1.3400097e-01   1.2080757e-01   8.7212993e-03   1.3470792e-01   8.7165951e-02   5.8810456e-04   9.3904721e-02   9.2375389e-03
