   0.0000000e+00   0.0000000e+00   0.0000000e+00   0.0000000e+00   0.0000000e+00   0.0000000e+00   0.0000000e+00   0.0000000e+00   0.0000000e+00   0.0000000e+00   0.0000000e+00   0.0000000e+00   0.0000000e+00   0.0000000e+00   0.0000000e+00   0.0000000e+00   0.0000000e+00   0.0000000e+00   0.0000000e+00   0.0000000e+00   1.0000000e+00
   0.0000000e+00   0.0000000e+00   0.0000000e+00   0.0000000e+00   0.0000000e+00   0.0000000e+00   0.0000000e+00   0.0000000e+00   0.0000000e+00   0.0000000e+00   0.0000000e+00   0.0000000e+00   0.0000000e+00   0.0000000e+00   0.0000000e+00   0.0000000e+00   0.0000000e+00   0.0000000e+00   0.0000000e+00   1.0000000e+00   0.0000000e+00
   0.0000000e+00   0.0000000e+00   0.0000000e+00   0.0000000e+00   0.0000000e+00   0.0000000e+00   0.0000000e+00   0.0000000e+00   0.0000000e+00   0.0000000e+00   0.0000000e+00   0.0000000e+00   0.0000000e+00   0.0000000e+00   0.0000000e+00   0.0000000e+00   0.0000000e+00   0.0000000e+00   1.0000000e+00   0.0000000e+00   0.0000000e+00
   0.0000000e+00   0.0000000e+00   0.0000000e+00   0.0000000e+00   0.0000000e+00   0.0000000e+00   0.0000000e+00   0.0000000e+00   0.0000000e+00   0.0000000e+00   0.0000000e+00   0.0000000e+00   0.0000000e+00   0.0000000e+00   0.0000000e+00   0.0000000e+00   0.0000000e+00   1.0000000e+00   0.0000000e+00   0.0000000e+00   0.0000000e+00
   0.0000000e+00   0.0000000e+00   0.0000000e+00   0.0000000e+00   0.0000000e+00   0.0000000e+00   0.0000000e+00   0.0000000e+00   0.0000000e+00   0.0000000e+00   0.0000000e+00   0.0000000e+00   0.0000000e+00   0.0000000e+00   0.0000000e+00   0.0000000e+00   1.0000000e+00   0.0000000e+00   0.0000000e+00   0.0000000e+00   0.0000000e+00
   0.0000000e+00   0.0000000e+00   0.0000000e+00   0.0000000e+00   0.0000000e+00   0.0000000e+00   0.0000000e+00   0.0000000e+00   0.0000000e+00   0.0000000e+00   0.0000000e+00   0.0000000e+00   0.0000000e+00   0.0000000e+00   0.0000000e+00   1.0000000e+00   0.0000000e+00   0.0000000e+00   0.0000000e+00   0.0000000e+00   0.0000000e+00
   0.0000000e+00   0.0000000e+00   0.0000000e+00   0.0000000e+00   0.0000000e+00   0.0000000e+00   0.0000000e+00   0.0000000e+00   0.0000000e+00   0.0000000e+00   0.0000000e+00   0.0000000e+00   0.0000000e+00   0.0000000e+00   1.0000000e+00   0.0000000e+00   0.0000000e+00   0.0000000e+00   0.0000000e+00   0.0000000e+00   0.0000000e+00
   0.0000000e+00   0.0000000e+00   0.0000000e+00   0.0000000e+00   0.0000000e+00   0.0000000e+00   0.0000000e+00   0.0000000e+00   0.0000000e+00   0.0000000e+00   0.0000000e+00   0.0000000e+00   0.0000000e+00   1.0000000e+00   0.0000000e+00   0.0000000e+00   0.0000000e+00   0.0000000e+00   0.0000000e+00   0.0000000e+00   0.0000000e+00
   0.0000000e+00   0.0000000e+00   0.0000000e+00   0.0000000e+00   0.0000000e+00   0.0000000e+00   0.0000000e+00   0.0000000e+00   0.0000000e+00   0.0000000e+00   0.0000000e+00   0.0000000e+00   1.0000000e+00   0.0000000e+00   0.0000000e+00   0.0000000e+00   0.0000000e+00   0.0000000e+00   0.0000000e+00   0.0000000e+00   0.0000000e+00
   0.0000000e+00   0.0000000e+00   0.0000000e+00   0.0000000e+00   0.0000000e+00   0.0000000e+00   0.0000000e+00   0.0000000e+00   0.0000000e+00   0.0000000e+00   0.0000000e+00   1.0000000e+00   0.0000000e+00   0.0000000e+00   0.0000000e+00   0.0000000e+00   0.0000000e+00   0.0000000e+00   0.0000000e+00   0.0000000e+00   0.0000000e+00
   0.0000000e+00   0.0000000e+00   0.0000000e+00   0.0000000e+00   0.0000000e+00   0.0000000e+00   0.0000000e+00   0.0000000e+00   0.0000000e+00   0.0000000e+00   1.0000000e+00   0.0000000e+00   0.0000000e+00   0.0000000e+00   0.0000000e+00   0.0000000e+00   0.0000000e+00   0.0000000e+00   0.0000000e+00   0.0000000e+00   0.0000000e+00
   0.0000000e+00   0.0000000e+00   0.0000000e+00   0.0000000e+00   0.0000000e+00   0.0000000e+00   0.0000000e+00   0.0000000e+00   0.0000000e+00   1.0000000e+00   0.0000000e+00   0.0000000e+00   0.0000000e+00   0.0000000e+00   0.0000000e+00   0.0000000e+00   0.0000000e+00   0.0000000e+00   0.0000000e+00   0.0000000e+00   0.0000000e+00
   0.0000000e+00   0.0000000e+00   0.0000000e+00   0.0000000e+00   0.0000000e+00   0.0000000e+00   0.0000000e+00   0.0000000e+00   1.0000000e+00   0.0000000e+00   0.0000000e+00   0.0000000e+00   0.0000000e+00   0.0000000e+00   0.0000000e+00   0.0000000e+00   0.0000000e+00   0.0000000e+00   0.0000000e+00   0.0000000e+00   0.0000000e+00
   0.0000000e+00   0.0000000e+00   0.0000000e+00   0.0000000e+00   0.0000000e+00   0.0000000e+00   0.0000000e+00   1.0000000e+00   0.0000000e+00   0.0000000e+00   0.0000000e+00   0.0000000e+00   0.0000000e+00   0.0000000e+00   0.0000000e+00   0.0000000e+00   0.0000000e+00   0.0000000e+00   0.0000000e+00   0.0000000e+00   0.0000000e+00
   0.0000000e+00   0.0000000e+00   0.0000000e+00   0.0000000e+00   0.0000000e+00   0.0000000e+00   1.0000000e+00   0.0000000e+00   0.0000000e+00   0.0000000e+00   0.0000000e+00   0.0000000e+00   0.0000000e+00   0.0000000e+00   0.0000000e+00   0.0000000e+00   0.0000000e+00   0.0000000e+00   0.0000000e+00   0.0000000e+00   0.0000000e+00
   0.0000000e+00   0.0000000e+00   0.0000000e+00   0.0000000e+00   0.0000000e+00   1.0000000e+00   0.0000000e+00   0.0000000e+00   0.0000000e+00   0.0000000e+00   0.0000000e+00   0.0000000e+00   0.0000000e+00   0.0000000e+00   0.0000000e+00   0.0000000e+00   0.0000000e+00   0.0000000e+00   0.0000000e+00   0.0000000e+00   0.0000000e+00
   0.0000000e+00   0.0000000e+00   0.0000000e+00   0.0000000e+00   1.0000000e+00   0.0000000e+00   0.0000000e+00   0.0000000e+00   0.0000000e+00   0.0000000e+00   0.0000000e+00   0.0000000e+00   0.0000000e+00   0.0000000e+00   0.0000000e+00   0.0000000e+00   0.0000000e+00   0.0000000e+00   0.0000000e+00   0.0000000e+00   0.0000000e+00
   0.0000000e+00   0.0000000e+00   0.0000000e+00   1.0000000e+00   0.0000000e+00   0.0000000e+00   0.0000000e+00   0.0000000e+00   0.0000000e+00   0.0000000e+00   0.0000000e+00   0.0000000e+00   0.0000000e+00   0.0000000e+00   0.0000000e+00   0.0000000e+00   0.0000000e+00   0.0000000e+00   0.0000000e+00   0.0000000e+00   0.0000000e+00
   0.0000000e+00   0.0000000e+00   1.0000000e+00   0.0000000e+00   0.0000000e+00   0.0000000e+00   0.0000000e+00   0.0000000e+00   0.0000000e+00   0.0000000e+00   0.0000000e+00   0.0000000e+00   0.0000000e+00   0.0000000e+00   0.0000000e+00   0.0000000e+00   0.0000000e+00   0.0000000e+00   0.0000000e+00   0.0000000e+00   0.0000000e+00
   0.0000000e+00   1.0000000e+00   0.0000000e+00   0.0000000e+00   0.0000000e+00   0.0000000e+00   0.0000000e+00   0.0000000e+00   0.0000000e+00   0.0000000e+00   0.0000000e+00   0.0000000e+00   0.0000000e+00   0.0000000e+00   0.0000000e+00   0.0000000e+00   0.0000000e+00   0.0000000e+00   0.0000000e+00   0.0000000e+00   0.0000000e+00
   1.1362560e-05   7.6699514e-02   2.3889905e-02   3.3283556e-03   6.2541126e-02   1.1857234e-01   1.2959016e-02   5.1877058e-03   1.2830700e-01   7.2382223e-03   1.1761565e-01   8.8434373e-02   4.1674392e-02   8.6354256e-02   8.2759271e-02   1.4937167e-02   6.5482307e-03   3.2125541e-03   3.6411560e-02   6.5981833e-02   1.7336174e-02
   6.0584488e-05   1.1270307e-01   1.1101875e-01   2.0495172e-02   2.9661420e-02   7.4533983e-03   1.0447712e-01   1.1585868e-02   5.6172961e-02   1.7545021e-02   1.0968212e-03   2.6502596e-03   1.8132905e-02   6.0777256e-02   4.5560877e-02   9.6235730e-02   9.5942409e-02   8.7634945e-02   6.8970869e-03   1.1679856e-02   1.0221849e-01
   6.9486214e-05   5.0152103e-03   8.7658480e-02   9.2048002e-02   2.1564468e-02   7.1135997e-03   1.0254259e-01   1.0784710e-01   7.4791925e-03   1.2218717e-02   7.4498552e-02   1.3252390e-02   6.4988900e-04   3.3871527e-02   1.1541575e-02   6.9376440e-02   1.0243072e-01   2.6515974e-02   4.7480882e-02   7.1953372e-02   1.0487183e-01
   2.2492048e-04   4.4581051e-03   2.8505893e-02   7.2112380e-02   1.1926077e-01   3.4198399e-02   4.4487103e-02   1.1145018e-01   3.3136822e-02   7.4071694e-03   3.3508679e-02   3.4568790e-02   7.9396291e-02   9.0122579e-02   2.2947949e-03   2.9899001e-02   5.8484413e-02   1.0362558e-01   1.0120482e-01   6.3590446e-03   5.2942700e-03
   4.9971342e-04   6.9608674e-04   2.4882018e-02   1.0427464e-01   9.6759352e-02   2.8877057e-02   7.3672762e-02   3.1323392e-03   1.1098312e-01   3.4560707e-02   3.5623299e-02   7.9110058e-03   6.7045966e-02   1.0965786e-01   2.9265655e-02   6.3995967e-02   1.0481408e-01   3.9667273e-02   2.8676628e-02   2.9190268e-02   5.8141934e-03
   1.1745368e-03   7.4423292e-03   4.3224721e-02   3.3231271e-03   1.1044530e-01   1.7632289e-02   1.0101136e-01   3.7305555e-02   9.4229363e-03   1.5077301e-02   1.0451150e-02   3.4445428e-02   9.4951198e-02   6.6344852e-02   1.3551786e-01   3.3305854e-02   3.0908239e-02   9.5274051e-02   3.4801465e-02   1.0518441e-02   1.0742201e-01
   1.3149152e-03   1.9018132e-02   9.7722484e-03   2.2469831e-02   9.5696433e-02   1.0496557e-01   1.1819293e-02   2.2100909e-02   3.7480371e-02   1.2843407e-03   1.1070698e-01   8.3440993e-02   1.0394269e-01   2.9554260e-02   7.0108374e-02   2.3454805e-02   2.4694728e-02   8.8854958e-02   2.3648203e-02   1.0955849e-01   6.1134732e-03
   1.4359158e-03   1.1738786e-01   1.5829308e-02   5.7938731e-02   6.6502297e-03   3.9548223e-02   1.1554995e-02   8.5971942e-02   1.3363317e-01   1.5892239e-01   3.8057248e-03   5.2640767e-02   1.1660797e-01   4.9092091e-02   2.1267860e-02   4.2340542e-03   9.1799770e-03   3.2409044e-02   2.8314347e-02   4.0205552e-02   1.3369845e-02
   1.4697301e-03   2.7973065e-02   2.8257086e-02   2.3844929e-02   2.7127265e-03   3.7722385e-02   6.4390147e-02   1.0386739e-01   1.4613750e-02   7.4869226e-02   3.3779120e-02   1.1092204e-01   1.1023511e-01   3.8454337e-03   6.5191666e-02   2.4982596e-02   1.1377652e-02   5.9876845e-02   1.0718020e-01   5.7046849e-02   3.5842043e-02
   1.5961091e-03   9.0472216e-03   4.2408945e-02   1.1809574e-01   4.7531169e-02   4.7157157e-02   9.3981782e-02   5.0446594e-03   8.1733578e-02   4.8761718e-02   4.5397986e-02   1.0160701e-03   5.2645464e-02   1.6090120e-02   1.1127579e-02   1.1867794e-02   1.1070720e-01   1.5746157e-03   2.7928540e-02   1.1786101e-01   1.0842553e-01
   1.9301921e-03   1.1215204e-01   6.3903619e-02   5.9061126e-03   5.1213698e-02   1.0716150e-01   1.1331141e-01   1.0457819e-01   3.6914914e-02   7.0245280e-03   1.0075431e-01   3.4159991e-02   5.1609862e-02   5.0658654e-02   3.7898976e-03   8.0712716e-03   1.6352866e-02   8.0803485e-03   3.0981605e-03   7.6312668e-02   4.3015771e-02
   2.0537347e-03   3.6719265e-03   1.3126797e-01   4.3344682e-02   8.3483847e-02   5.0180249e-02   3.0651567e-02   1.2600736e-02   1.2213923e-01   2.1465456e-02   4.7700884e-02   2.8373873e-02   1.3916921e-02   2.6932765e-02   1.2291040e-02   6.0537629e-02   8.4584392e-02   1.1710852e-01   1.3917198e-02   5.6708075e-02   3.7069317e-02
   2.1583888e-03   8.0240878e-02   3.2634464e-02   1.3737104e-01   1.2971711e-02   3.3297942e-02   2.2194769e-02   1.0051048e-01   1.7571036e-02   8.0007207e-02   5.2506506e-04   1.3998154e-03   8.4644348e-02   7.6852528e-02   1.1220602e-02   5.0106994e-02   3.4056486e-03   7.1739451e-02   4.1076220e-02   1.3244015e-01   7.6312656e-03
   2.2013144e-03   1.1935097e-02   9.2199895e-02   7.2683678e-03   4.1164648e-02   6.0831310e-02   4.6537579e-02   5.8757835e-02   1.0495249e-01   1.1946383e-02   6.8351114e-02   4.1801108e-03   1.0322862e-01   7.1927062e-02   9.7684702e-02   7.7952332e-02   2.0184382e-02   1.0897850e-02   3.5272067e-03   8.1430933e-03   9.6128607e-02
   2.2317903e-03   4.6339771e-03   6.8734143e-02   1.1601862e-01   7.6134303e-02   8.0192497e-03   3.4414050e-02   3.8455224e-02   1.4509290e-02   8.3554520e-03   5.6913990e-02   2.7946365e-02   4.9395408e-02   1.1407590e-01   7.1092468e-02   1.0580444e-01   4.4726899e-02   5.4633699e-02   1.6707554e-03   4.6835889e-02   5.5398088e-02
   2.2657111e-03   1.8923424e-02   5.9128250e-02   1.3091356e-01   1.3009250e-01   9.4016078e-03   1.6231915e-02   4.1680319e-02   1.9575589e-02   9.5854658e-02   2.1131675e-02   3.9253749e-02   5.4928704e-04   1.0758392e-02   1.1999891e-02   2.1552248e-03   2.6617011e-02   4.2392327e-02   8.5201042e-02   1.2270702e-01   1.1316685e-01
   2.3513510e-03   7.0841789e-02   1.2399112e-02   7.7843319e-02   1.0821974e-01   2.8708885e-03   6.9584734e-02   9.2505610e-03   9.3794659e-03   6.7474123e-02   1.1623510e-01   1.6419104e-02   9.3409433e-02   1.0115365e-01   7.1031009e-02   6.8936666e-02   1.1807180e-02   1.0172297e-03   7.6841965e-02   1.4375992e-03   1.1495979e-02
   2.4848019e-03   1.0999470e-01   9.4204224e-03   1.0315708e-02   1.2004278e-01   3.4815609e-02   6.6962045e-02   1.0049942e-02   1.4064164e-02   5.9350725e-02   7.0474241e-02   3.2472945e-02   3.8589941e-02   1.0382986e-02   2.8381927e-02   1.2797736e-01   6.7920560e-03   3.2510151e-02   9.2516553e-02   1.1233129e-01   1.0069652e-02
   2.6946479e-03   2.6746968e-02   3.5571437e-03   7.4844785e-03   6.4369289e-02   2.0277713e-02   2.2804998e-02   7.6392820e-02   1.0977366e-01   3.3163641e-03   4.7604512e-02   7.3350370e-02   1.3220207e-02   3.4792712e-02   1.3671047e-01   3.5130139e-02   3.0790524e-02   2.6562899e-03   6.7473354e-02   8.3173005e-02   1.3768034e-01
   2.8509048e-03   3.0297628e-02   1.5733155e-03   1.2299316e-02   5.1499174e-02   4.7317989e-02   9.2308867e-02   9.7522344e-02   2.9799426e-02   6.2464959e-02   6.9660621e-02   9.9932517e-02   5.0795731e-02   5.1087723e-03   8.8535457e-02   2.5867217e-03   9.6685418e-02   4.7206543e-02   1.4714310e-02   1.3433496e-02   8.3406489e-02
   3.2127373e-03   7.9073917e-03   6.0903792e-02   1.0233063e-01   8.3029964e-02   2.9454245e-02   3.6490371e-02   2.9269123e-03   9.5730434e-02   8.9987043e-02   6.5193598e-02   8.9462114e-02   1.0278238e-01   2.7580851e-02   3.7426733e-02   5.2517960e-03   4.4598933e-02   4.4479985e-02   4.1503172e-02   1.0088495e-02   1.9658422e-02
   3.5604522e-03   1.3942447e-02   4.1614738e-02   1.7021253e-02   9.3322913e-02   1.2202153e-01   9.9850375e-02   3.2746880e-02   7.7789445e-02   2.7189691e-02   6.6262758e-02   9.5384269e-02   2.5181007e-02   6.0103337e-04   3.7267167e-02   9.7334577e-02   3.3105463e-02   4.6146537e-03   8.3920604e-02   2.1559704e-03   2.5112775e-02
   3.6887724e-03   9.4909560e-02   4.2651750e-02   6.7910543e-02   9.4075118e-03   6.5166599e-02   6.5579029e-03   4.8164833e-02   4.0835487e-03   1.1638489e-01   6.1905147e-03   1.3579155e-02   3.7268635e-02   1.2267895e-01   7.2434125e-02   3.4249641e-03   1.1178818e-01   1.0942772e-01   2.7696585e-02   4.5879721e-03   3.1997292e-02
   3.7861060e-03   1.1132313e-02   8.9007497e-02   1.7730628e-02   1.1478457e-01   8.6274529e-02   1.1590920e-01   9.6220344e-02   1.9687060e-02   2.2450217e-02   7.9126927e-03   1.4564518e-02   5.9542326e-02   1.5339155e-03   7.8374497e-03   9.4712010e-02   1.0711178e-02   5.8127999e-02   4.3995134e-02   2.1812491e-02   1.0226783e-01
   3.8990333e-03   1.0479846e-02   4.0613295e-02   1.0458652e-01   5.9524926e-03   2.3893183e-02   3.6884931e-02   1.3360800e-02   1.8623824e-02   3.9202029e-02   6.3116236e-02   2.4273965e-02   1.1502281e-01   7.5135614e-02   4.4913285e-02   1.0846142e-01   2.0807638e-02   6.8698576e-02   5.2631517e-02   1.1309152e-01   1.6351461e-02
   3.9196684e-03   1.8433277e-04   6.0834649e-02   1.2656488e-01   1.1301500e-01   2.9951495e-02   6.9373377e-02   1.9922908e-02   8.0655010e-02   6.9726486e-02   3.8382861e-02   6.3821737e-03   4.0142508e-02   1.3267657e-02   1.5764684e-01   5.3890887e-03   1.4597210e-03   4.3696775e-02   4.1284904e-03   2.8876062e-02   8.6480009e-02
   3.9516342e-03   9.2725084e-02   1.0044395e-01   2.8146969e-03   7.1564406e-02   6.3243088e-02   1.3224535e-03   9.9739259e-02   3.0383591e-02   2.2615421e-02   4.8290260e-02   1.4621349e-03   1.5154919e-02   6.8249362e-02   7.1831303e-02   1.8741144e-02   8.8886405e-02   8.6079303e-02   1.7279296e-03   1.1900056e-02   9.8873598e-02
   3.9848908e-03   5.2675309e-02   7.6728542e-02   1.0747664e-02   2.4424006e-02   9.6075271e-02   1.3383280e-01   1.2209876e-03   3.6119678e-02   4.3607694e-02   8.1565861e-02   1.8777540e-02   1.5577284e-03   1.0959570e-01   2.3144785e-02   2.8059630e-02   4.8362246e-02   4.5628258e-02   1.0855785e-01   6.0709745e-04   5.4726463e-02
   4.0889670e-03   5.9092242e-03   9.8084250e-02   1.3932122e-02   1.0931952e-01   2.5962875e-02   5.8314482e-03   8.6938786e-02   4.5931441e-03   7.8519676e-02   5.3953672e-03   1.6587874e-02   3.2552115e-02   9.1748845e-02   2.2150876e-03   2.2302836e-02   9.3059084e-02   8.5262816e-02   8.9741090e-02   5.8652910e-02   6.9301966e-02
   4.3638226e-03   2.1089078e-02   6.6112642e-02   1.3093788e-04   1.3212214e-01   1.0059571e-01   1.0875072e-02   1.0677856e-01   2.8904186e-02   9.8194334e-03   1.0291260e-01   3.3265103e-02   1.2435576e-01   5.9229736e-02   5.1720080e-02   4.2990007e-02   3.7613367e-02   2.8526493e-02   3.8265048e-03   5.5536286e-05   3.4713228e-02
   4.5211556e-03   1.4594945e-02   3.7836849e-02   4.6567016e-02   1.6479569e-02   7.7640651e-02   1.0241197e-01   1.9336135e-02   1.1792095e-03   1.0643112e-01   1.1222331e-01   9.8919642e-03   1.0862835e-01   6.6457607e-03   8.4370825e-02   2.2123390e-02   3.5106729e-02   8.8013426e-02   1.2677914e-02   2.7748674e-02   6.5571033e-02
   4.5590059e-03   1.2372849e-01   7.9464887e-03   8.2130974e-02   3.2374890e-02   6.2943029e-02   7.4215275e-03   1.9582636e-02   1.2056100e-01   6.6320321e-02   4.2762794e-02   3.5118455e-02   1.8438382e-02   1.3454811e-02   1.0797760e-01   1.7041455e-02   6.6652423e-02   1.2341899e-02   3.8883996e-02   7.4739389e-03   1.1228589e-01
   4.8079325e-03   5.1271850e-02   1.0887699e-01   6.1074024e-02   6.3253194e-02   3.0836848e-02   1.0519069e-01   8.8670515e-03   6.7520424e-02   2.4339825e-02   2.4821246e-02   1.0672177e-02   3.9103526e-02   2.0073414e-02   2.5653459e-02   1.1604252e-01   4.0167027e-03   1.1010443e-01   1.0349715e-01   1.7633932e-02   2.3426241e-03
   4.8379947e-03   6.6233475e-02   2.6746220e-02   5.9284960e-02   8.4593052e-02   1.9847396e-02   4.0781301e-02   9.8705916e-02   8.4160230e-02   7.2677919e-02   2.9047108e-03   9.9013375e-02   3.4621302e-02   1.1975613e-01   8.9365267e-03   2.6242991e-03   7.4168468e-02   4.3901675e-03   9.0603657e-03   3.5431002e-02   5.1225190e-02
   5.0464460e-03   1.0597839e-01   6.1027689e-02   7.6556371e-02   5.8454558e-02   5.7960264e-02   8.9075378e-02   3.4946288e-02   6.7337428e-02   5.9779883e-02   9.9016536e-02   2.4235907e-03   5.9077894e-02   1.7200057e-02   4.7333993e-03   1.0507723e-01   1.2742501e-02   6.5790104e-02   6.0951075e-03   1.0340391e-02   1.3404889e-03
   5.0895630e-03   9.9328413e-02   2.1630964e-03   2.6681533e-02   8.8144226e-02   1.7722721e-02   1.1848025e-01   3.4072629e-03   6.1139843e-02   3.6360712e-02   1.0288520e-02   2.9939611e-02   7.2932068e-03   2.6206852e-02   1.0191843e-01   1.1924777e-01   1.3455719e-01   8.6405103e-04   1.9411598e-03   2.5174656e-02   8.4050938e-02
   5.1360785e-03   9.1800615e-02   5.7667717e-02   2.9739617e-02   4.0861874e-03   1.3944555e-01   9.0078791e-02   4.1040956e-02   1.7231080e-02   7.5646877e-02   3.8385046e-02   3.1290565e-02   1.8167967e-02   1.4534407e-01   4.9519010e-03   2.0096988e-02   3.8016687e-03   1.0285266e-02   5.5802664e-02   1.0153978e-01   1.8460617e-02
   5.1586267e-03   7.5348404e-02   7.2134450e-02   1.0169577e-01   8.1857663e-02   3.7055270e-02   5.8435349e-02   4.9308298e-03   9.8933159e-02   1.8667327e-03   5.2705276e-02   1.0010979e-02   2.2791985e-03   5.0085608e-02   2.3336442e-02   1.8271233e-02   1.1014639e-01   8.4994040e-02   5.0578890e-03   5.1037980e-03   1.0059289e-01
   5.1996088e-03   8.4218268e-02   4.0586820e-02   1.5982782e-02   9.0154678e-02   3.7055588e-02   2.0176521e-02   9.0803492e-02   5.9757470e-02   1.3369802e-02   3.2236359e-03   8.4142561e-02   1.0010081e-01   2.7185164e-03   3.6296474e-02   9.0777560e-02   3.8725430e-02   1.1279445e-02   1.0020955e-01   7.0070128e-02   5.1508576e-03
   5.2355680e-03   2.4267809e-02   2.8422074e-02   1.2188035e-03   1.1144483e-01   6.1882074e-02   3.3875925e-02   1.0594436e-01   1.1359725e-01   2.9364890e-02   1.1338972e-03   7.9400127e-04   6.0892655e-02   2.5181963e-02   1.0239623e-01   9.9215236e-03   4.5561259e-02   3.2170344e-02   1.0626339e-01   1.5816863e-02   8.4614293e-02
   5.6126709e-03   9.7412271e-03   1.0741271e-01   6.5067267e-02   5.9619222e-03   1.2134260e-01   1.2843019e-01   3.8194797e-02   8.6690239e-03   7.8010487e-02   5.3780149e-02   1.0125111e-02   7.9400600e-03   2.2972283e-02   1.0397303e-01   7.9195823e-02   1.7920772e-02   6.7240029e-04   3.6150694e-02   1.4725568e-02   8.4101221e-02
   5.6280074e-03   7.3068068e-03   8.1501150e-02   7.1567099e-02   6.2523628e-02   2.5480081e-03   1.3967825e-02   8.5586183e-02   7.3516130e-02   8.3107870e-04   8.3750518e-02   1.0090047e-01   9.0136876e-02   1.4080018e-02   2.4839703e-02   8.4623337e-02   1.0192692e-02   1.0474892e-01   3.9152737e-02   2.7964621e-02   1.4634186e-02
   5.9279711e-03   1.1400688e-01   9.0428093e-02   2.3017463e-02   9.9798566e-02   3.8617323e-02   2.3678452e-02   2.6719953e-02   1.7575470e-03   4.7516477e-02   1.5522665e-01   7.2087567e-03   2.9751955e-03   7.9931630e-02   8.5916929e-02   2.3692815e-02   5.5254251e-02   4.8654341e-02   2.4175582e-02   3.1160251e-02   1.4334871e-02
   6.1367270e-03   6.3361622e-03   2.0085677e-02   1.0428105e-01   2.0826547e-02   8.5962524e-02   8.9098529e-03   7.7892065e-02   3.4835997e-02   1.1884900e-01   2.7098775e-02   3.6230839e-04   2.8620926e-02   1.3548402e-02   1.1616239e-01   5.7584251e-02   1.0423384e-02   1.1741807e-01   8.3650142e-02   3.5613685e-02   2.5402069e-02
   6.1806232e-03   1.9794621e-02   1.1387378e-03   1.9855506e-02   2.6258965e-02   2.3105480e-03   7.4682356e-02   1.2163762e-01   2.0691541e-02   8.5040145e-03   8.3052338e-03   4.7623600e-02   1.2814731e-01   3.7896892e-02   7.4497576e-02   3.5345976e-02   1.1774846e-01   7.0021082e-02   1.3178453e-01   1.4399251e-02   3.3175552e-02
   6.2762818e-03   2.2063441e-02   4.2050686e-03   6.6413145e-03   1.0506021e-01   7.6350360e-03   2.0910356e-02   6.1726648e-02   3.8410919e-02   2.1082725e-02   3.5786460e-03   6.3314595e-02   2.5618187e-02   1.1597277e-01   7.0092823e-02   1.2070373e-01   3.1174529e-03   1.3248344e-01   5.5990745e-03   5.2971250e-02   1.1253604e-01
   6.3964654e-03   9.3492907e-02   3.4346600e-04   3.1426735e-02   7.8689320e-02   8.4652576e-02   7.4788311e-02   1.6135076e-02   7.7063521e-02   9.9304902e-02   3.2158456e-02   8.8007888e-02   9.1408226e-02   1.5212307e-02   8.2996339e-02   4.1473968e-03   1.7523905e-02   1.0149766e-02   2.5029705e-02   3.1543546e-02   3.9529187e-02
   6.4000448e-03   8.6146312e-02   1.7624707e-02   8.9877040e-03   3.0525329e-02   6.8790880e-03   3.5956609e-03   6.1658598e-02   2.0347350e-03   7.7308660e-02   4.9564490e-03   7.2828499e-02   7.0188401e-02   9.5871834e-02   5.8736564e-02   1.4009097e-01   1.2797243e-01   1.2191572e-02   1.0227237e-01   9.1479147e-03   4.5821583e-03
   6.5331724e-03   2.1361180e-03   6.7295874e-02   4.8461191e-02   5.1451844e-02   9.4749846e-02   7.3231559e-02   6.9969829e-02   8.4983706e-02   3.4273473e-02   4.0138930e-03   4.6037743e-02   4.7305360e-04   1.0947018e-01   4.7229834e-02   1.4748174e-02   4.5291337e-02   4.7933594e-03   8.3691594e-02   2.2402081e-02   8.8762138e-02
   6.5605868e-03   9.1931975e-02   2.5898171e-03   2.0244689e-03   6.4213326e-02   1.0787450e-01   4.6022658e-02   2.0222056e-02   1.1737046e-01   1.0394979e-01   4.7409423e-02   6.6761439e-03   8.1818526e-02   6.6661058e-03   2.3020488e-03   5.6088846e-02   4.1189980e-03   1.6442593e-02   4.2230611e-02   1.1969746e-01   5.3789604e-02
   6.6567583e-03   1.8014041e-02   6.6132089e-04   1.6513490e-02   9.4302415e-03   1.5767330e-02   4.0842652e-02   2.0158409e-02   9.0327229e-02   3.3497708e-02   9.5398221e-02   1.0028826e-01   2.1959835e-02   8.7531609e-02   3.7479734e-02   1.0124201e-01   8.1971368e-02   5.9739266e-02   8.7091143e-02   2.5300677e-02   5.0128706e-02
   6.7902681e-03   8.3891855e-02   2.2902021e-03   9.7808829e-03   4.5847376e-02   1.1588278e-03   5.4756734e-02   4.1953592e-02   6.5712338e-02   8.8348569e-02   1.0342340e-01   5.2811401e-02   8.9591199e-02   9.2380643e-02   1.1862854e-02   8.1072557e-03   8.7119272e-02   1.3082501e-02   7.9563471e-02   4.9852379e-02   1.1674979e-02
   6.8256607e-03   9.2398310e-02   1.0996987e-01   1.0294429e-02   7.7626634e-02   7.4469567e-02   9.7898862e-02   6.6937620e-03   3.2284882e-02   6.5578032e-02   2.5347531e-02   8.6017112e-03   6.2680506e-02   2.9734327e-02   3.6677480e-02   2.4136595e-02   9.8324493e-02   1.9601116e-02   5.3466271e-02   6.2578285e-02   4.8116784e-03
   6.9453696e-03   9.1612119e-02   1.3266867e-02   1.5437542e-02   8.9284023e-02   5.3512529e-02   4.1118343e-02   2.9991984e-02   9.4762910e-04   4.6739291e-03   4.8034754e-02   4.4175884e-02   2.9207314e-03   1.7802720e-02   7.0463185e-02   6.0630970e-02   1.1901791e-01   5.5905804e-02   1.0748903e-01   1.0194016e-01   2.4828511e-02
   7.0670610e-03   1.4691893e-02   6.2588366e-03   5.3099099e-02   5.9685772e-02   2.3014568e-02   1.7169547e-02   2.7083470e-02   1.1718858e-02   1.2767086e-01   1.3840992e-01   1.3637915e-01   3.7190641e-02   3.2484108e-02   2.0296781e-02   9.1440134e-02   2.5765514e-02   8.6091277e-02   1.3189082e-02   6.5848956e-02   5.4444776e-03
   7.1328412e-03   5.6621443e-02   1.4565894e-02   8.5739133e-02   8.0834455e-03   2.6719916e-03   5.5238727e-02   3.1769843e-02   8.4897203e-02   8.6499762e-02   1.1187294e-01   9.0439842e-03   3.8386436e-03   9.1731903e-02   6.8150125e-02   1.5957536e-02   2.7150241e-02   8.5682590e-02   9.2425173e-03   1.2535067e-01   1.8758563e-02
   7.2777699e-03   1.0503665e-02   7.4514073e-02   1.2429681e-01   3.8782449e-02   5.0699096e-02   4.2020880e-02   9.3665529e-02   1.7255238e-02   8.7978885e-02   8.9593493e-03   4.5718045e-02   1.9051005e-02   1.3654046e-02   1.0975017e-01   7.2690191e-02   7.9987994e-03   3.1141119e-02   4.0744753e-02   6.2032803e-03   9.7094857e-02
   7.2941918e-03   5.6793706e-02   1.5664200e-02   6.5766971e-03   2.0212044e-02   2.3608338e-02   1.0106681e-01   2.7654324e-04   7.5085093e-02   4.2392298e-02   6.4433015e-03   2.2271272e-02   1.2528143e-01   3.8098100e-02   2.1201512e-02   1.1591269e-01   1.1991516e-01   4.2989744e-02   4.5923581e-02   2.0830864e-02   9.2162429e-02
   7.3001414e-03   3.5263733e-02   1.3045434e-02   1.3499640e-02   5.6522997e-02   1.2974671e-02   3.3491722e-04   1.0086001e-01   3.9412671e-03   1.0454077e-01   7.9062209e-03   3.4711118e-02   2.2779034e-02   1.0424025e-01   5.1867376e-02   6.2587632e-02   5.5756682e-02   2.3889159e-02   1.2177126e-01   4.3287349e-02   1.2292034e-01
   7.3448984e-03   1.7080134e-02   3.4509557e-02   9.0949105e-02   2.1875468e-02   6.5275018e-03   5.9192806e-02   1.0522328e-03   2.3018002e-03   4.6171058e-03   9.7631343e-02   1.1498034e-01   7.9217343e-02   8.1651640e-02   6.5146138e-02   2.6477080e-02   6.4279444e-02   3.8677013e-02   1.0423806e-01   4.5604258e-02   3.6646737e-02
   7.4838952e-03   1.0147023e-01   1.8255593e-02   2.0245145e-02   2.6772988e-02   6.1047649e-03   3.1528095e-02   7.1250987e-02   1.0084969e-01   9.6252734e-02   9.8847700e-02   1.0365877e-01   4.1312996e-03   6.2981482e-03   8.4101019e-03   7.3981477e-02   3.5944173e-02   2.3751293e-02   9.2006847e-02   3.9399076e-02   3.3356998e-02
   7.5000651e-03   1.0896557e-02   1.1865679e-01   8.4997645e-02   5.4649581e-03   9.3244740e-02   5.0421022e-02   1.1413679e-01   3.5653156e-02   4.1497509e-02   1.1785932e-02   1.1911638e-01   1.5146577e-02   9.5569819e-03   6.9284748e-03   1.4271023e-02   1.1000645e-01   1.2376107e-02   6.1153964e-03   2.8944380e-03   1.2933300e-01
   7.5254140e-03   2.3756561e-02   7.2036314e-02   2.0617051e-02   4.5100842e-02   9.2145972e-02   1.0048577e-03   6.6154669e-05   2.7164173e-02   3.4668308e-02   6.6702209e-03   1.0211709e-01   4.5843924e-02   1.4561258e-01   3.8172056e-02   6.2377212e-02   3.4707090e-02   1.6639610e-02   2.7880489e-02   7.7457655e-02   1.1843643e-01
   7.5962015e-03   1.3019041e-02   5.1186828e-03   1.0427220e-01   1.1396304e-01   6.9929476e-02   1.0887049e-02   6.7914832e-02   3.7361421e-03   6.1013125e-02   1.8405778e-02   2.9933089e-02   1.3831121e-02   9.5219846e-02   8.4437420e-02   1.1615689e-01   1.4660453e-02   1.0148687e-02   6.9629386e-02   4.6440606e-02   4.3686938e-02
   7.6858978e-03   2.4700715e-02   1.0196892e-01   1.1173153e-01   2.2127137e-02   5.7515481e-02   4.4817931e-02   3.0568701e-02   4.2022881e-04   9.8261712e-03   8.4431147e-02   7.7246420e-02   1.0037457e-01   3.1428403e-02   1.1099924e-02   5.7402889e-02   7.7540250e-02   1.0191793e-01   2.1624426e-02   2.5691361e-03   2.3002190e-02
   7.7846803e-03   6.4976664e-03   8.2561322e-02   1.3701737e-02   1.2307696e-01   3.9774941e-02   3.4778940e-04   1.2375834e-01   9.6489037e-04   1.5998259e-02   1.7417736e-02   3.1122547e-02   1.1186925e-01   1.8832443e-02   9.6392370e-02   9.3905982e-03   7.6462032e-02   1.8431961e-02   4.4775382e-02   6.4508469e-02   9.6330621e-02
   7.8167776e-03   1.1759017e-01   1.0428323e-01   1.7706946e-03   1.1631180e-02   1.8742019e-02   2.0004388e-03   7.4347692e-02   4.2962295e-02   7.2214555e-03   3.4159759e-02   2.1274443e-02   9.8992613e-02   1.0194779e-01   1.2139344e-01   5.6174696e-03   3.8059756e-02   5.9463121e-02   7.3074633e-02   4.6835862e-02   1.0815169e-02
   8.0491315e-03   2.2009518e-03   5.7597313e-02   4.2832283e-02   7.0325666e-02   7.5332734e-02   8.2685887e-02   4.6863851e-03   7.0489841e-03   2.9842898e-02   3.1148577e-02   7.0510975e-02   9.0987413e-02   1.2932861e-02   1.1146453e-01   1.1845841e-01   2.3760830e-02   1.0887938e-02   1.2340228e-02   1.9684971e-02   1.1722104e-01
   8.2209721e-03   5.4578317e-02   8.8164721e-03   1.1281761e-01   8.8104801e-02   9.2899040e-02   4.7207974e-02   2.5026914e-02   4.2029263e-02   6.0300780e-04   6.2252816e-02   1.6552403e-02   8.6304383e-02   6.5621705e-04   7.5994986e-03   9.1296452e-02   8.7687737e-02   3.9295869e-02   3.3342377e-02   1.0822987e-03   9.3625577e-02
   8.2763168e-03   3.5355294e-03   1.1317231e-01   2.5833077e-02   3.3539300e-02   2.9526372e-02   9.5044089e-02   6.1969012e-02   3.5581262e-02   5.0123696e-02   8.5544386e-02   1.2360924e-03   1.0618323e-01   2.0656464e-02   6.0362364e-02   1.0635474e-01   7.2786513e-03   8.1344977e-02   2.1094815e-02   2.8883078e-02   2.4460234e-02
   8.2770652e-03   5.2217978e-02   2.8981259e-02   6.5926690e-02   4.0246666e-02   4.1215353e-02   4.8923674e-02   1.1356387e-01   6.1817661e-02   2.2683308e-02   8.6210809e-02   8.9517587e-02   1.8859662e-02   1.0792185e-01   3.7136323e-03   5.8801535e-02   4.3493908e-03   1.1002890e-01   2.0046772e-02   1.0835133e-02   5.8612162e-03
   8.4496747e-03   1.0037717e-01   1.4587329e-02   7.3030115e-03   3.1514066e-02   7.8577040e-02   8.8575588e-02   9.2694408e-02   7.2380622e-02   6.2592263e-02   1.5819109e-03   1.0699711e-01   1.0656498e-01   1.0726076e-01   9.3246750e-03   1.9998211e-02   3.2633644e-03   3.3960780e-02   2.3238846e-04   3.4453252e-02   1.9311394e-02
   8.5068973e-03   2.2779431e-02   1.2689315e-02   4.8127818e-02   2.2096038e-02   2.3422626e-02   1.0948392e-01   5.6954258e-03   5.5728514e-02   7.7878603e-02   9.7241233e-02   2.0108983e-02   8.2634290e-02   1.1225501e-01   1.0572319e-01   9.3678770e-02   9.5020991e-03   3.1652263e-04   5.9457073e-03   1.1518638e-02   7.4666967e-02
   8.6303044e-03   4.4767187e-02   2.6007005e-02   9.1379946e-06   1.3046652e-02   2.2735577e-02   8.7414870e-02   7.3244455e-02   9.8126700e-02   1.0457632e-01   2.0995618e-02   2.4618370e-02   2.9290136e-02   2.7502262e-03   2.1448437e-02   5.6839932e-02   1.1899971e-01   1.6334171e-03   1.0797988e-01   1.1683483e-01   2.0051235e-02
   8.6464074e-03   4.5752328e-02   3.7619813e-03   8.6560546e-02   1.1507679e-01   3.4291106e-02   1.0740204e-01   2.7800687e-02   1.0298537e-01   2.5887464e-02   4.3577452e-02   1.8266502e-02   5.7151716e-03   2.0041452e-02   6.3621163e-03   1.2149809e-01   1.3407876e-02   8.3057943e-02   1.8989342e-02   4.2651482e-03   1.0665418e-01
   8.6487237e-03   4.7668053e-02   7.3797374e-02   1.1807781e-01   1.0788606e-01   3.3998899e-02   9.5715397e-02   3.5021791e-04   4.8780048e-03   7.1535451e-03   7.8743738e-02   5.8557998e-03   2.6081378e-03   9.4094539e-02   5.9897537e-02   1.6241273e-02   3.6387850e-02   9.1878784e-02   5.3994628e-02   2.0949532e-02   4.1174098e-02
   8.6833298e-03   1.1967092e-02   4.2336967e-02   1.5924063e-02   1.0612220e-01   3.3498616e-02   1.6356877e-02   1.1663685e-01   6.2417186e-03   8.9095912e-02   4.0940068e-02   6.7322435e-02   7.3255040e-02   1.0346769e-01   8.5701951e-02   6.0401400e-03   3.3425050e-02   7.2690318e-04   5.8725273e-03   1.2491819e-01   1.1466374e-02
   8.9588614e-03   1.3169540e-02   1.5104902e-02   2.0620659e-02   9.3083559e-02   5.2979314e-03   4.9724148e-02   6.9370816e-02   4.8552506e-02   1.7546211e-02   1.0679315e-01   4.3030747e-02   8.9184123e-02   5.2282852e-02   2.7849220e-02   3.5742835e-03   9.6098945e-02   2.1002504e-02   1.0708105e-01   1.9217598e-02   9.2456389e-02
   9.1565287e-03   3.1855040e-02   9.0920573e-02   4.9804106e-03   1.0546156e-02   9.6147187e-02   4.0920693e-02   2.7007839e-03   1.0229479e-01   8.3839318e-02   1.5783966e-02   1.0475059e-01   5.7019065e-02   2.5133298e-02   3.6823404e-02   1.6676985e-02   6.9281511e-02   1.0353551e-01   3.1389499e-02   2.0908553e-02   4.5336138e-02
   9.1585962e-03   6.1765566e-02   1.0932028e-02   1.0229980e-01   6.1587339e-02   6.8541914e-02   6.4034655e-02   4.2248412e-03   5.7625801e-03   9.1259653e-02   2.5485590e-02   2.7269597e-02   2.1294481e-02   4.5130563e-02   9.5781573e-02   2.5713933e-02   1.1318102e-01   3.8546424e-02   7.1274681e-03   1.0253980e-02   1.1064840e-01
   9.3636412e-03   1.3572686e-02   2.7694715e-02   6.3867718e-02   1.0529260e-01   1.3320333e-04   1.0683801e-01   3.4873838e-02   8.3680742e-02   1.2387516e-02   7.3180699e-03   9.5007173e-02   1.1750225e-03   8.4795444e-02   9.4053671e-03   7.6350511e-02   1.9463995e-02   1.1354589e-01   4.2461618e-02   5.4144577e-02   3.8627670e-02
   9.6373988e-03   1.1443743e-01   2.6485436e-02   4.2386020e-02   3.4501829e-02   3.7884332e-03   4.9955519e-03   9.4098742e-02   1.4890812e-02   1.0168870e-01   6.4213836e-02   8.1102493e-02   1.1172944e-01   1.7232818e-02   1.8717055e-02   1.2956043e-02   9.0388617e-02   7.6372254e-02   1.1273690e-03   2.1416876e-02   5.7832851e-02
   9.8611259e-03   3.6493752e-02   2.0870946e-02   4.4622736e-02   1.1155251e-01   4.1465870e-02   3.5273504e-02   4.5431840e-04   1.5947970e-02   5.3580555e-03   2.1903753e-02   1.1909510e-01   6.4195243e-02   6.7010018e-02   1.0875287e-01   6.8412799e-02   1.3490410e-02   2.8357893e-02   3.0713856e-02   9.1137459e-02   6.5029814e-02
   9.8790357e-03   6.4854377e-02   1.2887178e-03   2.2738708e-02   2.0922243e-03   9.4837396e-02   1.0910212e-01   2.9842465e-02   8.3382961e-02   4.1401087e-03   7.7922061e-02   3.4114847e-02   2.9278197e-02   9.1124378e-02   3.8892092e-02   9.9035261e-02   3.3820739e-02   7.9895627e-02   2.5376447e-02   3.5860532e-02   3.2521702e-02
   1.0217289e-02   5.7519967e-03   3.8910476e-02   1.9380113e-02   1.0222048e-01   3.4465140e-02   1.1698768e-01   2.8589834e-02   4.4081184e-02   9.7680465e-02   4.5517409e-02   1.1365093e-02   1.5824576e-02   2.8978116e-02   8.9388848e-02   9.4280709e-02   5.0943059e-02   1.9728595e-02   8.7359948e-02   5.7873130e-02   4.5585371e-04
   1.0316186e-02   3.1972763e-02   1.1862044e-01   2.6505002e-02   5.6239167e-03   8.6440306e-04   1.1608003e-01   3.4887723e-02   3.7391635e-02   1.1123625e-01   1.1383745e-03   4.0939203e-02   1.7670179e-03   1.0511165e-01   4.0488789e-02   2.5963134e-02   1.8569544e-02   1.1180944e-01   3.8499723e-02   5.7547790e-02   6.4666998e-02
   1.0364191e-02   5.0842599e-02   4.2021799e-03   1.1689737e-03   1.0402035e-01   9.7428116e-02   3.3861984e-03   2.5061298e-02   7.3596774e-02   1.8472609e-02   1.0315727e-01   7.8094081e-03   9.8351226e-02   8.4134653e-02   3.4398548e-03   1.9044942e-02   7.5435466e-02   1.0203813e-01   4.5090161e-03   9.6157223e-04   1.1257518e-01
   1.0565875e-02   9.0793847e-02   2.2645593e-02   8.5210908e-02   8.8553691e-03   2.8526035e-03   9.9832633e-02   7.9761890e-02   2.2673304e-02   2.4108737e-03   3.4092596e-02   5.8954748e-02   9.1995151e-02   1.0512124e-02   9.2925663e-02   4.8636866e-02   8.2457911e-02   3.7781155e-02   1.9619570e-02   8.0316891e-02   1.7104428e-02
   1.0790748e-02   1.0886513e-01   6.8709193e-02   6.5443650e-02   5.9873169e-02   6.9509687e-03   2.2424163e-02   1.8411623e-02   2.4646970e-02   4.3839550e-02   3.6115121e-02   7.6356663e-03   1.1051930e-01   3.0601353e-02   1.1121023e-02   1.0540614e-03   6.4773858e-03   1.0864555e-01   6.9676925e-02   9.3059105e-02   9.5139337e-02
   1.0987165e-02   1.0140198e-01   3.0025816e-02   1.1175721e-02   6.6326420e-03   7.1364386e-02   1.0376285e-01   2.5437893e-02   9.0759498e-02   1.0839611e-01   3.5067988e-02   2.2941353e-02   5.6074002e-03   1.3607113e-02   6.5481026e-02   9.4859922e-02   9.0147446e-03   4.7638986e-02   1.6860823e-02   1.0071860e-01   2.8257985e-02
   1.1120636e-02   1.1458869e-01   4.5736034e-03   1.1230419e-01   3.4244916e-02   6.1061468e-03   8.6312872e-02   3.1929909e-03   8.6568709e-02   2.4308883e-02   4.6556271e-02   1.0324205e-02   9.5176241e-02   5.8692809e-02   2.5509166e-02   9.5626459e-02   4.1520478e-02   5.6089961e-03   2.4267246e-02   3.6995433e-02   7.6401053e-02
   1.1148351e-02   8.4592349e-02   2.8145957e-03   2.0005014e-03   5.4431495e-02   1.1254206e-01   3.6358183e-02   2.0367005e-02   1.6402137e-02   3.0734181e-02   1.2999810e-01   1.0748476e-01   5.8134731e-02   1.1061534e-01   2.5529387e-03   4.2655484e-02   7.0441832e-02   9.2058189e-03   1.1000671e-03   7.9933052e-03   8.8426771e-02
   1.1420909e-02   5.1364345e-02   1.1148854e-01   5.0803993e-04   7.0920098e-02   8.8411304e-03   6.2004531e-02   9.4248703e-03   7.8067381e-02   5.1331948e-02   1.0293512e-02   2.5055261e-03   6.5512930e-02   1.0840658e-01   1.0960305e-01   9.6140011e-03   2.3635889e-03   1.0164727e-01   5.3926606e-03   2.6953571e-02   1.0233551e-01
   1.1424192e-02   6.5368129e-02   7.7830564e-02   4.7077199e-02   4.4681777e-02   1.4032241e-02   1.2247967e-03   3.5794930e-02   2.8248968e-03   2.8720659e-02   8.1122515e-03   1.0527301e-02   1.1080645e-01   8.4477054e-02   1.4782692e-02   1.0184907e-01   9.1738288e-02   4.2603752e-02   8.8379282e-02   3.4196049e-02   8.3548427e-02
   1.1474954e-02   1.1725622e-01   9.3165196e-02   1.3893175e-02   5.0497452e-03   4.4963409e-02   4.9470941e-02   3.0519156e-02   6.6578461e-02   4.7195807e-02   8.6627593e-03   2.7713598e-02   1.3477468e-02   2.3665800e-02   8.4781926e-02   2.9632650e-02   1.0896019e-01   6.3109182e-02   6.6841055e-03   1.2043718e-01   3.3308066e-02
   1.1476743e-02   2.9163585e-02   3.3036473e-02   1.9268512e-02   3.4543529e-02   3.0916483e-02   1.1109625e-01   6.1829984e-03   2.3733781e-03   9.8108367e-02   4.2434037e-03   3.6176546e-02   3.8927116e-02   9.0894165e-02   4.6360785e-02   2.4640082e-02   1.1824216e-01   8.5779343e-02   1.0056899e-01   1.0152335e-03   7.6985857e-02
   1.1568302e-02   1.0075762e-01   4.3278914e-02   4.2972963e-03   6.6395183e-02   3.3170374e-02   1.0233369e-01   2.8031827e-02   1.4515869e-02   7.3152863e-02   1.0436794e-01   6.6564672e-02   4.1817340e-03   1.5247933e-02   7.7492582e-03   7.8234035e-02   9.3679403e-02   1.0378968e-01   7.0876969e-03   2.7696654e-02   1.3899059e-02
   1.1766179e-02   3.3566438e-03   6.3555094e-02   1.1996035e-01   9.3619505e-02   1.9664297e-02   1.3362003e-01   2.7493788e-02   4.5021104e-02   3.2989363e-02   4.2586650e-02   7.6235251e-03   6.6589681e-02   1.2357923e-02   3.1021980e-03   3.6158621e-03   4.4328857e-02   7.0309245e-02   6.0036481e-02   2.4282444e-02   1.1412078e-01
