   0.0000000e+00   0.0000000e+00   0.0000000e+00   0.0000000e+00   0.0000000e+00   0.0000000e+00   0.0000000e+00   0.0000000e+00   0.0000000e+00   0.0000000e+00   0.0000000e+00   0.0000000e+00   0.0000000e+00   0.0000000e+00   0.0000000e+00   0.0000000e+00   0.0000000e+00   0.0000000e+00   0.0000000e+00   0.0000000e+00   1.0000000e+00
   0.0000000e+00   0.0000000e+00   0.0000000e+00   0.0000000e+00   0.0000000e+00   0.0000000e+00   0.0000000e+00   0.0000000e+00   0.0000000e+00   0.0000000e+00   0.0000000e+00   0.0000000e+00   0.0000000e+00   0.0000000e+00   0.0000000e+00   0.0000000e+00   0.0000000e+00   0.0000000e+00   0.0000000e+00   1.0000000e+00   0.0000000e+00
   0.0000000e+00   0.0000000e+00   0.0000000e+00   0.0000000e+00   0.0000000e+00   0.0000000e+00   0.0000000e+00   0.0000000e+00   0.0000000e+00   0.0000000e+00   0.0000000e+00   0.0000000e+00   0.0000000e+00   0.0000000e+00   0.0000000e+00   0.0000000e+00   0.0000000e+00   0.0000000e+00   1.0000000e+00   0.0000000e+00   0.0000000e+00
   0.0000000e+00   0.0000000e+00   0.0000000e+00   0.0000000e+00   0.0000000e+00   0.0000000e+00   0.0000000e+00   0.0000000e+00   0.0000000e+00   0.0000000e+00   0.0000000e+00   0.0000000e+00   0.0000000e+00   0.0000000e+00   0.0000000e+00   0.0000000e+00   0.0000000e+00   1.0000000e+00   0.0000000e+00   0.0000000e+00   0.0000000e+00
   0.0000000e+00   0.0000000e+00   0.0000000e+00   0.0000000e+00   0.0000000e+00   0.0000000e+00   0.0000000e+00   0.0000000e+00   0.0000000e+00   0.0000000e+00   0.0000000e+00   0.0000000e+00   0.0000000e+00   0.0000000e+00   0.0000000e+00   0.0000000e+00   1.0000000e+00   0.0000000e+00   0.0000000e+00   0.0000000e+00   0.0000000e+00
   0.0000000e+00   0.0000000e+00   0.0000000e+00   0.0000000e+00   0.0000000e+00   0.0000000e+00   0.0000000e+00   0.0000000e+00   0.0000000e+00   0.0000000e+00   0.0000000e+00   0.0000000e+00   0.0000000e+00   0.0000000e+00   0.0000000e+00   1.0000000e+00   0.0000000e+00   0.0000000e+00   0.0000000e+00   0.0000000e+00   0.0000000e+00
   0.0000000e+00   0.0000000e+00   0.0000000e+00   0.0000000e+00   0.0000000e+00   0.0000000e+00   0.0000000e+00   0.0000000e+00   0.0000000e+00   0.0000000e+00   0.0000000e+00   0.0000000e+00   0.0000000e+00   0.0000000e+00   1.0000000e+00   0.0000000e+00   0.0000000e+00   0.0000000e+00   0.0000000e+00   0.0000000e+00   0.0000000e+00
   0.0000000e+00   0.0000000e+00   0.0000000e+00   0.0000000e+00   0.0000000e+00   0.0000000e+00   0.0000000e+00   0.0000000e+00   0.0000000e+00   0.0000000e+00   0.0000000e+00   0.0000000e+00   0.0000000e+00   1.0000000e+00   0.0000000e+00   0.0000000e+00   0.0000000e+00   0.0000000e+00   0.0000000e+00   0.0000000e+00   0.0000000e+00
   0.0000000e+00   0.0000000e+00   0.0000000e+00   0.0000000e+00   0.0000000e+00   0.0000000e+00   0.0000000e+00   0.0000000e+00   0.0000000e+00   0.0000000e+00   0.0000000e+00   0.0000000e+00   1.0000000e+00   0.0000000e+00   0.0000000e+00   0.0000000e+00   0.0000000e+00   0.0000000e+00   0.0000000e+00   0.0000000e+00   0.0000000e+00
   0.0000000e+00   0.0000000e+00   0.0000000e+00   0.0000000e+00   0.0000000e+00   0.0000000e+00   0.0000000e+00   0.0000000e+00   0.0000000e+00   0.0000000e+00   0.0000000e+00   1.0000000e+00   0.0000000e+00   0.0000000e+00   0.0000000e+00   0.0000000e+00   0.0000000e+00   0.0000000e+00   0.0000000e+00   0.0000000e+00   0.0000000e+00
   0.0000000e+00   0.0000000e+00   0.0000000e+00   0.0000000e+00   0.0000000e+00   0.0000000e+00   0.0000000e+00   0.0000000e+00   0.0000000e+00   0.0000000e+00   1.0000000e+00   0.0000000e+00   0.0000000e+00   0.0000000e+00   0.0000000e+00   0.0000000e+00   0.0000000e+00   0.0000000e+00   0.0000000e+00   0.0000000e+00   0.0000000e+00
   0.0000000e+00   0.0000000e+00   0.0000000e+00   0.0000000e+00   0.0000000e+00   0.0000000e+00   0.0000000e+00   0.0000000e+00   0.0000000e+00   1.0000000e+00   0.0000000e+00   0.0000000e+00   0.0000000e+00   0.0000000e+00   0.0000000e+00   0.0000000e+00   0.0000000e+00   0.0000000e+00   0.0000000e+00   0.0000000e+00   0.0000000e+00
   0.0000000e+00   0.0000000e+00   0.0000000e+00   0.0000000e+00   0.0000000e+00   0.0000000e+00   0.0000000e+00   0.0000000e+00   1.0000000e+00   0.0000000e+00   0.0000000e+00   0.0000000e+00   0.0000000e+00   0.0000000e+00   0.0000000e+00   0.0000000e+00   0.0000000e+00   0.0000000e+00   0.0000000e+00   0.0000000e+00   0.0000000e+00
   0.0000000e+00   0.0000000e+00   0.0000000e+00   0.0000000e+00   0.0000000e+00   0.0000000e+00   0.0000000e+00   1.0000000e+00   0.0000000e+00   0.0000000e+00   0.0000000e+00   0.0000000e+00   0.0000000e+00   0.0000000e+00   0.0000000e+00   0.0000000e+00   0.0000000e+00   0.0000000e+00   0.0000000e+00   0.0000000e+00   0.0000000e+00
   0.0000000e+00   0.0000000e+00   0.0000000e+00   0.0000000e+00   0.0000000e+00   0.0000000e+00   1.0000000e+00   0.0000000e+00   0.0000000e+00   0.0000000e+00   0.0000000e+00   0.0000000e+00   0.0000000e+00   0.0000000e+00   0.0000000e+00   0.0000000e+00   0.0000000e+00   0.0000000e+00   0.0000000e+00   0.0000000e+00   0.0000000e+00
   0.0000000e+00   0.0000000e+00   0.0000000e+00   0.0000000e+00   0.0000000e+00   1.0000000e+00   0.0000000e+00   0.0000000e+00   0.0000000e+00   0.0000000e+00   0.0000000e+00   0.0000000e+00   0.0000000e+00   0.0000000e+00   0.0000000e+00   0.0000000e+00   0.0000000e+00   0.0000000e+00   0.0000000e+00   0.0000000e+00   0.0000000e+00
   0.0000000e+00   0.0000000e+00   0.0000000e+00   0.0000000e+00   1.0000000e+00   0.0000000e+00   0.0000000e+00   0.0000000e+00   0.0000000e+00   0.0000000e+00   0.0000000e+00   0.0000000e+00   0.0000000e+00   0.0000000e+00   0.0000000e+00   0.0000000e+00   0.0000000e+00   0.0000000e+00   0.0000000e+00   0.0000000e+00   0.0000000e+00
   0.0000000e+00   0.0000000e+00   0.0000000e+00   1.0000000e+00   0.0000000e+00   0.0000000e+00   0.0000000e+00   0.0000000e+00   0.0000000e+00   0.0000000e+00   0.0000000e+00   0.0000000e+00   0.0000000e+00   0.0000000e+00   0.0000000e+00   0.0000000e+00   0.0000000e+00   0.0000000e+00   0.0000000e+00   0.0000000e+00   0.0000000e+00
   0.0000000e+00   0.0000000e+00   1.0000000e+00   0.0000000e+00   0.0000000e+00   0.0000000e+00   0.0000000e+00   0.0000000e+00   0.0000000e+00   0.0000000e+00   0.0000000e+00   0.0000000e+00   0.0000000e+00   0.0000000e+00   0.0000000e+00   0.0000000e+00   0.0000000e+00   0.0000000e+00   0.0000000e+00   0.0000000e+00   0.0000000e+00
   0.0000000e+00   1.0000000e+00   0.0000000e+00   0.0000000e+00   0.0000000e+00   0.0000000e+00   0.0000000e+00   0.0000000e+00   0.0000000e+00   0.0000000e+00   0.0000000e+00   0.0000000e+00   0.0000000e+00   0.0000000e+00   0.0000000e+00   0.0000000e+00   0.0000000e+00   0.0000000e+00   0.0000000e+00   0.0000000e+00   0.0000000e+00
   2.9518930e-04   2.9082523e-02   7.1055928e-02   3.0209992e-02   1.3356875e-02   6.7090465e-02   1.1299061e-01   7.8105548e-02   6.8497423e-04   8.8712910e-03   5.8737484e-03   1.0819487e-01   2.7751411e-02   5.5852683e-03   3.2352414e-02   2.5530817e-02   2.3511414e-02   1.1815873e-01   1.3641468e-01   9.6837584e-02   8.0456667e-03
   8.2114159e-04   3.1227510e-02   4.7004360e-02   1.1998507e-02   9.2300394e-02   5.7152532e-03   2.4714844e-02   1.1094659e-01   1.1975419e-02   2.8572320e-02   1.0775271e-01   1.0876130e-01   9.7049995e-02   6.0959226e-02   8.7194157e-03   1.1101974e-02   1.1495831e-02   1.1984135e-02   1.6659122e-02   1.1072063e-01   8.9519327e-02
   1.4378740e-03   3.1041250e-02   2.2834508e-02   5.2928413e-02   7.1041180e-02   1.1854195e-01   5.2200567e-02   9.7827308e-02   5.8043583e-02   8.5810921e-03   3.3695426e-02   4.0477411e-03   1.3357604e-01   2.9899635e-02   8.5757293e-02   1.2740780e-02   7.0452548e-02   5.3610748e-02   2.0810699e-03   2.2982690e-02   3.6678300e-02
   1.7422256e-03   2.9126950e-02   2.2024114e-02   1.6901289e-02   5.8460665e-02   1.0410828e-01   7.2287020e-03   8.5257175e-04   7.3664218e-02   3.1842506e-02   1.0520122e-01   1.0248357e-01   2.2382570e-02   1.0892342e-01   4.8440061e-02   1.3885331e-02   1.0205174e-01   3.1082880e-03   7.5666173e-02   6.6168798e-02   5.7373088e-03
   2.2960787e-03   9.4255569e-02   1.1960318e-01   2.4647679e-02   2.6462957e-03   7.2818846e-02   1.1074596e-01   6.7849804e-02   2.9311768e-03   8.9400377e-02   3.0271892e-02   2.8030549e-03   2.1783796e-02   3.5726044e-02   4.5766112e-03   7.3749730e-02   5.5237904e-02   7.3840547e-02   8.3328223e-02   2.1433679e-02   1.0053553e-02
   2.4336626e-03   5.1712573e-02   9.0442401e-02   8.2730796e-03   2.9939766e-02   5.5134953e-03   1.1012526e-01   8.9782588e-02   1.3370716e-02   6.6306863e-02   9.8643697e-03   4.2450330e-02   1.0541642e-01   8.4721477e-02   5.8530308e-02   8.2143925e-03   2.9853056e-02   9.8468234e-02   9.1578450e-03   3.5660884e-02   4.9762283e-02
   2.4608495e-03   8.3792857e-03   6.2965072e-02   7.9673145e-02   1.8960588e-02   8.4512365e-02   4.1598791e-02   9.2510069e-02   2.2294274e-03   8.0301644e-02   1.5375285e-02   9.9334891e-04   3.9641202e-02   6.3712570e-02   1.0752651e-01   1.1775948e-01   3.8976322e-02   1.1835606e-02   4.4681369e-02   2.1361436e-02   6.4545625e-02
   3.1707432e-03   6.2174967e-03   5.0906904e-02   2.6714789e-02   3.0641381e-02   4.6263489e-03   6.5788651e-02   1.2928657e-01   4.6447395e-03   1.3544873e-01   9.8713600e-02   2.4746440e-02   4.7038715e-02   4.7585670e-02   1.3447485e-01   4.9914210e-03   3.0664286e-03   1.2854144e-03   1.0486403e-01   1.6380623e-02   5.9406451e-02
   3.3561373e-03   4.5479482e-03   1.1646609e-01   1.3786267e-02   1.0319005e-01   9.1706412e-02   3.6766239e-03   2.3475201e-02   6.1872553e-02   1.1659648e-01   1.2551134e-02   7.6238527e-02   1.1598442e-01   1.5110333e-02   8.3377594e-02   4.2446797e-03   2.5553341e-02   1.0819034e-02   7.1063017e-03   2.5534723e-02   8.4806150e-02
   4.1355220e-03   2.0394130e-03   6.8927937e-02   1.1238102e-02   5.1906533e-02   7.7187124e-02   7.9355473e-02   7.2304972e-02   6.2802477e-02   1.0144731e-01   9.2866465e-02   1.0149625e-01   3.9088522e-02   3.7566161e-03   6.9280268e-04   1.2773020e-02   5.4627129e-02   3.0286778e-02   9.3236943e-02   3.7095131e-02   2.7354805e-03
   4.5149696e-03   3.4891409e-02   1.1143457e-01   1.5577320e-02   1.4731793e-01   5.5615930e-02   8.3064135e-02   1.2332213e-02   1.6543430e-02   3.8673606e-03   1.1481529e-01   5.0635008e-03   5.3123097e-02   5.5380809e-02   1.8340652e-02   3.3769261e-02   4.2058373e-02   1.4853083e-01   2.5478534e-02   8.5825265e-03   9.6978578e-03
   6.1875334e-03   5.6420716e-02   5.8213608e-03   8.1062291e-02   8.4699489e-02   9.9746243e-02   8.1023334e-02   9.5771170e-04   4.7017767e-02   3.1398794e-02   5.9815502e-03   3.2713562e-02   4.5212509e-02   4.6025519e-02   2.7839139e-02   5.5137163e-02   2.5635716e-02   7.3437311e-02   9.7222138e-02   9.2330353e-02   4.1297993e-03
   6.5941463e-03   1.0593080e-02   1.7394729e-02   5.2009055e-02   7.7011890e-03   4.0548522e-02   7.0211576e-02   5.3943197e-03   1.2899168e-01   2.2223073e-02   2.0618803e-02   6.6835196e-02   9.0003430e-02   4.0690841e-02   1.0706974e-01   7.5327848e-04   5.5628367e-02   2.0501591e-02   8.9893356e-02   6.3871603e-02   8.2472418e-02
   6.9075291e-03   4.9002649e-02   1.5982028e-02   1.3886882e-01   4.4365071e-02   6.8968625e-02   2.5778183e-02   5.3336938e-03   4.5602937e-03   8.4069761e-02   5.5690387e-02   8.5349712e-03   2.2418655e-02   1.0930735e-02   1.1581459e-01   3.8480842e-02   7.8736870e-02   1.2859211e-01   5.4667993e-02   2.9975099e-02   1.2321093e-02
   7.0782883e-03   9.9580240e-03   5.0508311e-02   5.1962190e-02   1.3501394e-01   3.6473362e-03   1.3958361e-02   7.7345706e-03   8.2786273e-02   3.7625770e-03   1.1500242e-02   2.4758539e-02   5.5291667e-02   8.6425490e-03   7.2817712e-02   1.4556823e-01   1.2584356e-01   1.4882877e-02   1.3496927e-01   3.0613225e-02   8.7022523e-03
   7.5918277e-03   1.0657925e-01   6.0692864e-02   7.3474718e-02   8.8802443e-02   2.5264596e-02   9.7313805e-02   4.0367419e-03   1.0529437e-01   1.2188096e-02   7.5491644e-02   9.2368835e-03   6.9396309e-02   3.3610156e-04   2.4404220e-02   1.0948092e-01   3.7107457e-02   7.2249201e-03   4.4373243e-02   3.7591434e-02   4.1181534e-03
   8.0826964e-03   6.3720830e-02   1.4018359e-02   9.6670257e-03   3.1416740e-02   1.2572521e-01   9.7615253e-03   1.1988223e-02   2.5983403e-02   1.0852443e-01   1.0552607e-02   6.5078040e-02   4.4177418e-02   1.1275726e-01   4.1820263e-02   3.4517827e-02   1.2839004e-01   7.4937726e-03   1.1959964e-02   7.6364463e-03   1.2672793e-01
   9.7020049e-03   1.1931610e-01   1.4099048e-03   5.2364425e-02   1.4494193e-01   9.8269752e-03   2.8219553e-02   1.4165811e-01   1.2916154e-01   4.2330095e-02   1.2260267e-03   4.7218746e-02   1.5310920e-03   1.5852605e-02   9.8685958e-02   3.4112920e-02   8.7656806e-03   4.7446733e-02   1.5020770e-02   2.7569462e-02   2.3639371e-02
   1.0994771e-02   1.8829149e-03   1.1219931e-01   9.4108455e-02   1.2342192e-02   6.1250971e-03   7.2138452e-02   9.6250835e-03   1.0202787e-01   3.4216784e-02   1.8976590e-02   2.3804637e-03   1.0000102e-01   1.1678131e-01   2.0808923e-03   1.9783691e-03   7.4292707e-02   1.1219734e-01   7.7982275e-02   8.8083028e-03   2.8859804e-02
   1.3042508e-02   8.6799744e-02   7.1026489e-02   3.7398311e-02   6.2775351e-03   4.6156178e-03   1.0422840e-01   4.1283460e-03   7.9670716e-02   5.6644898e-03   2.0003172e-02   1.0627947e-02   3.7357058e-02   1.1883785e-01   1.4652218e-04   1.3318763e-01   1.2294025e-01   6.3323399e-02   1.7655270e-02   4.3789764e-02   1.9278985e-02
   1.3318022e-02   1.2371139e-03   3.4250904e-02   1.9200035e-02   3.2928265e-02   1.9246858e-02   1.5639951e-01   4.9216432e-02   2.7757952e-02   4.0488154e-03   1.2801254e-01   5.7289919e-03   1.0679624e-02   1.4924530e-01   5.0985900e-02   3.3844469e-03   7.4883605e-02   2.8807055e-02   2.4556860e-02   4.5186460e-02   1.2092531e-01
   1.3646978e-02   2.3409397e-03   1.1425546e-02   1.5010377e-02   9.1036042e-02   1.4147733e-01   1.1505013e-02   6.4095502e-02   1.5832833e-02   6.1304796e-04   1.0330055e-01   1.3957232e-02   2.0790812e-02   9.4863144e-02   1.4419954e-01   4.4371072e-02   5.1321046e-02   1.2545795e-02   4.4012445e-03   9.6635271e-02   4.6630690e-02
   1.5288091e-02   9.5583689e-02   2.2101400e-02   3.5450873e-03   1.3358830e-03   2.2153414e-02   5.3390867e-02   1.0309588e-01   1.1003743e-01   2.6425242e-02   5.8796525e-02   8.3915036e-02   2.7859852e-02   2.4517913e-02   1.4351833e-02   1.0456564e-01   1.0860339e-01   3.7777861e-02   2.2975109e-02   2.9451535e-02   3.4228323e-02
   1.7098294e-02   3.6573850e-02   5.4377898e-02   1.1700069e-02   4.2206235e-02   4.4747071e-03   3.1795558e-02   4.5678704e-02   7.8414450e-02   1.2517111e-02   1.2850203e-01   1.0618908e-02   2.2385206e-02   1.1563888e-01   8.9577939e-02   1.0171581e-01   6.6943191e-03   1.0723698e-03   1.1147118e-01   1.5851546e-02   6.1634931e-02
   1.7556189e-02   6.9229679e-02   1.0663193e-01   2.2883479e-02   1.3843388e-02   4.9095389e-02   4.5036072e-02   9.3361280e-03   1.3160995e-01   3.3293166e-02   6.3867596e-05   9.0965407e-03   1.9106762e-02   3.2678187e-03   1.2358471e-01   5.1464348e-03   6.1676085e-02   1.2831711e-01   1.3189883e-02   7.1388998e-02   6.6646422e-02
   1.8428483e-02   7.1001106e-02   6.2898753e-03   8.2394466e-02   5.0614703e-02   8.6168254e-02   4.0272258e-02   1.3215000e-01   3.2367403e-02   2.3189243e-02   1.1743453e-02   3.2507648e-02   3.1114265e-02   2.9019956e-02   3.6122468e-02   1.6040012e-02   9.6455630e-02   1.4576434e-02   2.6335493e-03   1.2713017e-01   5.9780630e-02
   1.9203959e-02   1.8769493e-02   5.4867480e-03   7.5295633e-03   3.9160344e-02   9.8513344e-02   1.3653527e-01   8.5948880e-02   1.2100649e-01   1.0420168e-01   9.1147144e-04   9.1992701e-03   3.8549532e-03   6.6931262e-02   2.3034856e-02   1.1285070e-01   5.5669622e-02   2.3424487e-02   4.6416078e-03   2.6931673e-04   6.2856679e-02
   2.0543933e-02   5.3341261e-02   7.7036795e-03   7.4526490e-03   1.6505585e-02   3.0221948e-02   1.0717395e-01   1.5422260e-03   1.2620312e-01   1.2230473e-01   1.5836721e-02   1.7920736e-02   2.7678235e-02   7.6642548e-02   2.3242383e-02   6.9042612e-02   3.1073786e-03   1.2556578e-01   1.4413200e-02   1.2987686e-01   3.6804670e-03
   2.1789614e-02   9.1676938e-02   8.2678271e-02   1.0438680e-01   2.9731648e-02   8.9050190e-03   1.8530077e-02   3.7882666e-03   1.4590969e-03   3.1793144e-03   3.6083585e-02   9.3698812e-02   5.3277019e-02   3.8201023e-02   1.0871228e-01   2.8213994e-02   1.8507438e-02   4.3439609e-02   5.0622249e-02   4.2684924e-02   1.2043402e-01
   2.2076775e-02   8.0938102e-03   4.2378175e-02   7.5499219e-03   1.2263814e-01   1.2014678e-03   1.2356493e-01   2.1151232e-02   8.9918224e-03   2.7126063e-02   5.8121675e-02   1.2904205e-02   1.1608499e-01   2.6879372e-02   8.0525052e-02   1.2350853e-01   4.4864215e-02   9.9802402e-03   3.6369721e-02   2.8141024e-03   1.0317556e-01
   2.3049145e-02   3.8811552e-02   5.1413560e-03   1.0266102e-01   5.5399688e-02   1.4633221e-02   2.3149661e-02   1.4753155e-02   1.3926580e-01   1.9148530e-02   3.5812440e-03   5.5904667e-02   1.8476745e-02   8.3918492e-02   1.2588382e-01   1.0345137e-01   5.4016747e-03   1.2529407e-02   4.2285373e-03   4.8111586e-02   1.0249934e-01
   2.5168026e-02   2.3264164e-02   4.1969865e-03   1.2489448e-01   1.0670564e-01   7.3443632e-02   1.0240681e-03   1.2781516e-02   1.6806811e-03   8.0687920e-04   5.0089736e-02   7.3169004e-02   2.2439856e-03   6.0167286e-02   8.6492530e-02   1.1997784e-01   5.0239423e-02   4.2789986e-02   2.1828401e-02   1.0280566e-01   1.6230069e-02
   2.5831437e-02   7.4674279e-03   3.3337573e-02   1.4034719e-02   9.9958081e-02   5.4616506e-02   5.8732932e-03   1.2061838e-01   1.9905331e-02   8.3613456e-02   1.0715050e-02   7.2373863e-03   5.8997948e-02   6.3985202e-02   5.5674046e-02   3.2565847e-02   4.4670736e-02   1.5970867e-01   3.1770386e-02   2.5465291e-02   4.3953238e-02
   2.6121908e-02   2.3800275e-02   3.2217004e-02   2.9339137e-02   1.2249094e-03   3.4236863e-02   1.2737724e-01   3.6656174e-02   4.4048994e-02   7.8038526e-03   1.1455713e-01   2.0592297e-03   9.6931341e-02   7.3610566e-02   9.4341649e-02   8.9360417e-02   1.5856733e-02   4.1894243e-03   1.5113079e-02   1.1307892e-01   1.8075161e-02
   2.6714589e-02   2.9737056e-02   2.3252784e-02   3.0329695e-03   1.1051316e-02   3.5690488e-02   2.9885172e-02   2.3475987e-02   4.5880388e-02   7.2747822e-02   3.1217303e-02   9.9260129e-02   1.0728517e-01   4.4724488e-02   7.7599804e-02   9.9449577e-02   1.0498377e-02   8.5475452e-02   4.8310739e-02   1.9509603e-02   7.5200789e-02
   2.7291517e-02   1.0610049e-01   1.1002756e-01   6.4174674e-03   3.7875153e-02   3.1819378e-02   3.9594572e-03   2.3324385e-02   6.4274694e-02   4.5116995e-02   1.2735331e-02   1.0290102e-01   1.0537959e-02   1.9759637e-02   8.9302565e-02   1.1021383e-01   6.5553794e-02   4.4561996e-04   9.1100941e-03   9.6052282e-02   2.7180776e-02
   2.8167607e-02   1.0668108e-01   2.5983933e-02   3.3138465e-02   5.4499183e-02   3.3216499e-02   1.0983930e-01   6.1799396e-03   3.2614527e-04   1.0459685e-02   1.0693349e-01   1.1842141e-02   2.4038972e-02   2.4072861e-02   3.1965327e-02   1.8486679e-02   1.3242986e-03   1.1002115e-01   7.0568491e-02   1.1593266e-01   7.6322089e-02
   2.8791444e-02   2.7067243e-02   5.0711363e-02   1.2497279e-01   2.4826694e-02   1.6577976e-02   1.3156363e-01   2.0158961e-02   8.8950597e-02   1.9527330e-02   1.3001098e-01   9.2061468e-04   1.6872438e-02   3.2830308e-02   9.7716992e-02   2.1327163e-03   4.3001521e-02   9.1683802e-02   5.9240041e-04   7.9495566e-03   4.3140644e-02
   3.0004576e-02   1.2170508e-01   2.0691885e-02   6.5153658e-02   3.4742477e-03   2.0756284e-03   5.8049482e-02   1.5044621e-02   3.3349367e-03   2.2757866e-02   8.5768408e-03   4.9583436e-02   1.1493934e-01   1.0311684e-01   7.2442420e-02   9.3220186e-02   5.1213219e-03   7.1324144e-03   1.5876070e-02   1.2544921e-01   6.2249935e-02
   3.1377358e-02   1.2053336e-02   1.2996781e-02   7.3624055e-04   9.2551201e-02   1.0882935e-01   5.5716254e-02   4.3661040e-02   1.7302916e-02   3.9622758e-02   2.3905237e-02   1.2691921e-01   3.4062491e-03   1.2126316e-01   1.0831558e-01   1.2064177e-01   2.4093929e-04   4.1472602e-02   9.5115149e-03   8.2956125e-03   2.1180883e-02
   3.2392045e-02   1.1597367e-01   4.9305527e-02   4.6297429e-02   8.5263282e-03   4.8413433e-02   3.8785839e-02   1.0356855e-01   3.4949204e-02   3.8128660e-02   1.1363198e-01   4.5220801e-02   3.9946420e-03   1.6493502e-02   9.2870574e-02   8.6191514e-03   4.7616338e-02   4.3215196e-02   1.4558644e-02   8.4181428e-03   8.9020345e-02
   3.3348425e-02   3.2051353e-02   1.1389428e-01   1.2256361e-01   6.8569261e-02   1.8503508e-02   1.0091775e-01   3.6590206e-02   1.4645114e-03   5.2482277e-03   1.8595869e-02   1.0023306e-01   8.1058069e-03   1.1661559e-01   5.0747175e-03   6.0887120e-03   5.2649636e-03   1.1759155e-02   9.4864342e-02   5.4372302e-02   4.5874352e-02
   3.7607262e-02   9.3270632e-02   3.3182081e-02   1.3583201e-01   6.4523364e-03   4.1180610e-02   1.1966974e-01   1.8317683e-03   4.6031573e-02   2.7532723e-02   5.8635893e-03   6.9535264e-03   1.0622126e-02   1.0734743e-01   7.7546148e-03   2.1130622e-02   1.7223364e-02   7.8513593e-02   4.0536063e-02   6.7080399e-02   9.4383928e-02
   3.8708985e-02   1.9561388e-02   5.0339745e-02   9.7816919e-03   1.3169611e-02   1.1481290e-01   3.0999303e-03   2.5034006e-02   3.2240383e-02   1.1983445e-01   3.2728863e-02   4.7223351e-02   3.4830733e-04   6.0486277e-02   1.6718280e-02   1.1889564e-01   1.2280429e-01   1.0357721e-01   1.3523680e-02   3.9993806e-02   1.7117214e-02
   3.9342432e-02   9.9553434e-02   9.8557278e-02   8.5848623e-02   1.2207046e-01   1.7215392e-02   3.5871341e-03   4.8724421e-02   5.8459780e-02   1.9365406e-03   1.2073911e-02   7.1020837e-02   4.2962344e-02   2.3943994e-02   1.9683667e-03   1.0232809e-02   3.8286124e-02   8.9616449e-03   1.2950954e-01   5.3446155e-02   3.2298785e-02
   4.5085872e-02   8.7752014e-03   9.1747572e-02   1.3262147e-02   2.3795180e-02   4.1602634e-02   8.2866044e-02   7.6805462e-02   3.8718442e-02   9.6213480e-05   1.1398778e-01   1.4322951e-02   1.1579649e-01   1.3861129e-02   5.0997338e-02   1.0303912e-01   1.9930024e-02   1.0045076e-01   3.9405655e-02   3.2892917e-03   2.1647057e-03
   5.3021413e-02   1.2567643e-01   2.4239219e-02   1.7774254e-02   1.2851884e-01   5.5492721e-02   1.0633783e-02   2.5185495e-02   1.8416116e-02   6.2051715e-02   6.9554341e-04   1.7459488e-02   1.1853409e-01   7.9028854e-02   7.2781278e-03   4.9066812e-03   9.9290298e-02   2.4076715e-02   4.8659951e-02   4.7460427e-02   3.1599838e-02
   5.5887203e-02   8.8052463e-03   1.0663849e-01   5.8849345e-02   2.1169101e-02   7.9922747e-02   8.6462246e-02   3.7819412e-02   1.0254344e-02   2.4722974e-02   3.4135138e-04   2.2564462e-03   1.4407341e-03   1.1199535e-01   1.8497967e-03   9.6494155e-02   3.2320743e-03   1.0979724e-01   7.4735951e-02   9.4233900e-02   1.3091889e-02
   5.6679188e-02   9.3093393e-03   4.6846755e-03   9.4230743e-03   7.1877143e-02   1.2573631e-01   7.7644813e-03   7.9674751e-03   3.0019208e-02   7.9715808e-03   4.1249685e-02   3.3156496e-02   1.1747568e-01   3.9105570e-02   1.7016528e-02   6.3671343e-02   1.7488807e-03   1.0576915e-01   8.4138533e-03   1.2244661e-01   1.1851372e-01
   5.7822965e-02   8.9434623e-03   5.2484854e-02   9.3294441e-02   7.4186700e-04   2.8017993e-02   1.1971539e-02   1.6855924e-02   2.4998172e-02   2.3345087e-02   1.1845250e-01   2.3382841e-02   2.0872387e-02   3.8673848e-03   1.2124072e-01   1.4947345e-01   7.8564962e-02   7.6424758e-02   4.1810268e-02   1.6632726e-03   4.5771141e-02
   6.1316209e-02   1.0287595e-02   1.1021119e-01   1.0775838e-01   6.7098962e-03   8.4716636e-03   6.7250171e-03   9.6352964e-02   7.6253840e-02   8.5812946e-02   4.8849867e-02   4.6855482e-02   3.9851425e-02   5.1131415e-02   1.8299075e-02   5.4618809e-03   4.6391440e-02   5.4159464e-04   1.0930216e-01   2.4881669e-02   3.8534296e-02
   6.4019729e-02   5.4209425e-02   9.9424913e-02   2.4844327e-02   6.7717618e-02   9.2198070e-02   6.2220836e-02   1.8269115e-02   2.4114517e-02   8.8938257e-04   7.9935752e-02   9.6701786e-02   8.4431959e-02   5.0769560e-03   1.3694654e-02   3.5716951e-02   7.2819801e-02   8.0308775e-03   3.1336170e-03   3.1478684e-02   6.1071029e-02
   6.9702973e-02   4.8930950e-02   4.9245502e-02   8.3821189e-03   2.0344380e-02   1.0368890e-02   7.9195634e-03   1.5935817e-01   1.2834119e-01   8.2229471e-02   2.5568847e-02   4.2120926e-02   5.9871849e-02   1.5961358e-01   2.7866835e-02   6.4827472e-04   1.7196884e-03   4.2506821e-02   3.4999433e-02   1.3759938e-02   6.5005984e-03
   7.2280804e-02   5.2827745e-03   8.6421520e-02   6.3767699e-03   1.0367295e-02   1.0584153e-01   2.1010909e-02   1.1193900e-01   1.1957611e-01   6.3480717e-02   3.3874704e-02   1.1028239e-01   2.5582771e-02   7.1595128e-03   9.5271385e-02   1.3729367e-02   3.9257065e-02   2.0547945e-03   9.2557960e-03   5.7181252e-03   5.5236661e-02
   7.3337339e-02   2.1897949e-03   9.8696914e-02   1.7257290e-03   1.2826227e-01   2.6417388e-02   6.0615566e-02   1.0559460e-01   1.5559784e-02   4.5400418e-02   7.2582010e-04   1.1118766e-01   3.2218659e-03   6.4313657e-02   3.4692611e-02   2.0117363e-02   9.0445127e-02   3.6961108e-02   2.7166991e-02   1.6857843e-02   3.6510150e-02
   7.4809715e-02   1.0045447e-01   1.1159150e-02   1.0069078e-01   9.9441729e-02   9.9228082e-02   1.0454706e-02   7.4654024e-03   6.7943878e-02   2.5248036e-03   8.8571135e-02   2.3343174e-02   3.1911428e-03   9.3744229e-02   1.2251633e-02   5.0660129e-04   7.8921865e-02   3.5493779e-03   4.7314465e-02   1.4885094e-02   5.9548569e-02
   7.4843618e-02   7.6881286e-02   1.8017322e-02   3.3009977e-03   7.8441937e-02   3.8279858e-02   8.3058385e-04   4.5458105e-02   5.7730826e-02   2.6802633e-02   2.5264032e-02   1.4611248e-02   4.9603574e-04   3.2580745e-02   1.0636932e-01   5.9022246e-02   3.2751041e-03   6.3220969e-02   1.0218497e-01   9.5454793e-02   7.6933370e-02
   7.6009767e-02   6.9397855e-03   5.2795484e-03   1.0998328e-01   5.7151830e-02   6.7836729e-03   9.3031439e-02   1.3212433e-01   4.3158156e-02   3.0869217e-02   1.2897261e-01   4.2505978e-02   1.0137801e-02   3.3176860e-02   2.1380681e-03   1.8366811e-02   4.7237716e-02   3.6894406e-02   3.7187918e-02   6.7434650e-02   1.4616147e-02
   7.7028574e-02   7.5106642e-03   1.1768716e-01   2.5096103e-02   1.0181356e-02   1.3479418e-02   5.8209699e-02   2.5478841e-03   1.2125620e-03   3.3017107e-02   1.3233242e-01   1.0398055e-01   2.7837541e-02   8.8485881e-02   2.5070362e-02   9.7297605e-03   1.4410519e-01   7.6631458e-02   1.2788502e-02   7.4044029e-03   2.5663410e-02
   8.1566612e-02   6.6047314e-02   8.7631967e-02   2.7867940e-02   2.6097023e-02   3.0558783e-02   6.1127446e-03   1.6082463e-02   1.1607498e-01   6.6608762e-02   9.3189793e-03   1.0854509e-01   1.1289660e-02   1.9940672e-02   2.7406405e-04   7.4485777e-02   1.0355788e-02   4.6202201e-02   1.3024480e-01   4.5693879e-03   6.0124996e-02
   8.2533389e-02   1.1113017e-03   1.1263590e-02   8.4600165e-02   1.3867280e-01   1.7866416e-02   2.3048528e-02   3.2646060e-02   5.0441503e-02   1.3377843e-01   1.0271691e-02   9.7644418e-03   3.5994563e-02   1.5464143e-02   2.0182576e-02   1.0195666e-02   4.8982001e-03   9.0488646e-02   6.4261334e-02   6.9269413e-02   9.3247147e-02
   8.4435812e-02   1.1901018e-03   2.2658452e-02   8.2773455e-02   4.8368857e-02   8.4399869e-03   5.1209047e-02   1.8758576e-02   5.8227638e-02   2.4629554e-02   2.6994544e-02   1.3441680e-01   1.4697844e-02   1.3592803e-01   3.2866810e-03   4.1191660e-02   1.8145752e-02   4.3206284e-02   2.3138170e-03   1.3917000e-01   3.9957112e-02
   9.2331512e-02   3.2569921e-02   9.4517207e-03   1.5024311e-02   4.6199117e-02   1.1378869e-01   5.6804712e-02   9.8688330e-02   1.1453053e-01   1.4492885e-02   1.2537720e-02   2.7696547e-02   4.5988590e-03   7.8193671e-02   2.4290586e-03   7.0804328e-02   1.8984146e-02   1.1265160e-01   6.5406555e-02   2.7657973e-04   1.2539213e-02
   9.6027362e-02   3.7460789e-02   3.2534111e-03   2.3356854e-02   1.0560343e-01   2.1824489e-02   6.2428520e-02   2.3476399e-03   3.0439755e-03   6.3538087e-02   6.9093093e-02   1.9327162e-02   2.2903998e-02   6.2383921e-02   2.9021725e-03   1.0277989e-01   3.1843178e-02   5.9121785e-03   1.2559733e-01   1.3463752e-01   3.7350020e-03
   9.6636493e-02   9.9153646e-02   3.6296512e-02   3.3820685e-02   3.3278654e-03   8.8617371e-02   9.8549229e-02   1.1502997e-02   9.8065252e-02   3.7567525e-02   1.3487763e-02   2.3744042e-02   8.6973501e-02   6.0257767e-03   2.6527543e-02   4.6732361e-02   4.3355108e-03   3.2505039e-02   5.5543969e-02   3.4028672e-02   6.6558248e-02
   9.9438407e-02   3.4930487e-03   3.6595523e-03   1.4580568e-02   1.0475251e-01   8.8579223e-02   1.3129469e-02   2.8882334e-02   1.2767740e-02   6.7197543e-02   2.4160891e-02   1.1549720e-01   2.6448454e-02   1.1280140e-02   7.4450352e-02   3.5226793e-02   2.3024829e-02   9.8466025e-03   1.0738914e-01   2.4588976e-02   1.1160623e-01
   1.0245631e-01   4.8628847e-02   1.6292001e-03   1.3945998e-02   5.8939087e-02   1.3275934e-01   4.6246511e-02   7.0938795e-03   4.3738935e-02   2.2727123e-02   1.3236162e-02   3.0728974e-02   1.3339071e-01   1.3912508e-01   1.6129806e-02   3.1674153e-03   9.9935062e-03   2.4316351e-02   5.4127311e-02   2.9297848e-02   6.8321612e-02
   1.0724148e-01   1.2968300e-01   1.9508578e-02   4.4336892e-03   1.5606265e-02   1.8496794e-02   9.0561654e-02   7.3560110e-03   2.7000459e-02   1.2679286e-01   1.4698582e-02   9.2472598e-03   2.2485572e-03   1.1395345e-01   1.8723960e-02   7.9582728e-02   4.6365114e-02   4.9379099e-03   8.2846983e-02   6.7039952e-02   1.3674714e-02
   1.0823029e-01   8.7992649e-02   6.1580357e-02   2.7616416e-02   6.9893883e-03   2.3352141e-04   5.9621561e-03   4.4198521e-04   3.2903288e-02   3.0182337e-02   1.7613427e-03   2.1541383e-02   1.2321873e-01   7.1726445e-02   1.1363025e-01   1.6626068e-02   2.6686067e-02   3.5767363e-02   1.2633019e-01   8.1127568e-02   1.9452215e-02
   1.1091170e-01   6.4319496e-02   1.2658798e-02   9.0399871e-03   2.6778499e-02   1.3023099e-01   5.5447905e-03   7.6431432e-02   3.5724099e-03   9.1750876e-03   1.0929895e-01   8.8084302e-02   4.0797524e-02   1.1053863e-01   2.8925292e-02   4.8841780e-02   1.6329032e-02   1.7997776e-02   1.5456123e-02   1.7514134e-02   5.7553260e-02
   1.1207461e-01   2.6343937e-02   9.7903481e-02   2.8945485e-03   4.5306271e-02   3.4010476e-02   1.1280827e-01   1.2778994e-02   1.0691665e-02   7.6844501e-02   1.0033073e-02   6.3424985e-02   2.6901557e-02   4.2133466e-02   1.0858841e-01   2.2181320e-02   8.1243622e-04   9.7759107e-02   5.9556863e-02   3.7028695e-03   3.3249159e-02
   1.1223647e-01   9.2887718e-02   2.5759049e-02   8.8706630e-02   8.7148529e-02   6.0740173e-03   5.9043871e-02   2.6782161e-02   1.4207137e-02   6.5520250e-03   7.7975425e-02   3.2132762e-02   6.3101425e-02   2.7012892e-03   1.1530021e-01   4.0174545e-02   1.8137296e-02   3.3817981e-03   6.1283821e-02   5.8395715e-02   8.0181037e-03
   1.1301597e-01   1.1887880e-02   8.1528067e-03   2.7799919e-03   3.0609791e-02   7.7323540e-02   3.2899722e-02   2.7274832e-03   1.0891365e-01   1.1244640e-01   4.8749637e-03   1.1730717e-01   1.3766820e-01   6.6563570e-02   2.1070620e-02   6.2237062e-04   7.4285472e-02   1.0121041e-02   3.0935819e-02   1.9626117e-02   1.6167424e-02
   1.1533982e-01   6.4518576e-02   4.7885007e-02   1.0701586e-01   3.3606590e-02   1.7926705e-03   9.0172617e-02   8.8252950e-02   6.4426900e-02   1.1156796e-01   1.6760623e-02   7.3146219e-02   1.4900641e-02   1.8700042e-02   2.2710234e-02   4.1264863e-03   5.0929011e-02   5.1546336e-02   3.9742119e-03   1.6119914e-02   2.5073292e-03
   1.1602172e-01   1.8816382e-02   6.5912009e-03   2.6713211e-02   3.3082867e-02   1.2063146e-02   9.4123743e-02   2.4121505e-03   3.0195911e-02   7.8100018e-02   1.2905882e-02   2.9134885e-03   8.2304887e-02   8.2235033e-02   1.3861068e-02   1.6876616e-02   9.7109149e-02   3.1493692e-03   8.2359498e-02   8.2824224e-02   1.0534044e-01
   1.1808250e-01   2.7678405e-02   2.6132045e-02   1.0314945e-01   3.0184624e-02   4.0695359e-02   1.3297825e-01   2.4254342e-02   9.0599918e-03   1.6637179e-02   1.3908431e-03   7.7057350e-02   7.9643934e-02   4.7526976e-02   5.3654591e-02   1.0510356e-01   2.4083460e-02   1.3832875e-03   2.0287181e-02   3.0774641e-02   3.0242034e-02
   1.1986239e-01   3.5769844e-03   9.1705493e-02   1.0410534e-01   1.0822113e-01   3.8594286e-02   2.7967543e-02   3.1977523e-02   6.7810234e-02   5.2215921e-04   1.4450922e-02   2.3326241e-02   2.3485508e-02   1.2994717e-01   1.9256572e-02   1.3883953e-01   1.3032493e-03   1.3727080e-02   3.2584595e-03   3.2395203e-02   5.6669832e-03
   1.3019003e-01   8.5675748e-02   6.8938412e-02   8.6946422e-02   7.4891138e-02   2.5398670e-02   8.4046908e-03   6.8427585e-02   6.2312882e-03   6.4251780e-03   2.3457562e-02   9.6135644e-02   1.6002336e-03   4.1072977e-03   1.7186086e-02   4.0478354e-02   1.2314444e-01   2.1845809e-02   2.2886058e-02   7.9622646e-02   8.0067110e-03
   1.5573781e-01   4.4110560e-03   5.8957571e-02   1.5980424e-02   1.4120789e-01   3.3503653e-02   3.3412236e-02   6.5007226e-02   2.4097690e-02   2.6688254e-02   1.4711100e-04   2.4505873e-02   1.2134390e-01   2.9326490e-02   3.1551856e-02   1.8420791e-02   3.7778283e-02   3.8056097e-02   4.0530308e-02   4.8304863e-02   5.1030616e-02
   1.0000000e+00   0.0000000e+00   0.0000000e+00   0.0000000e+00   0.0000000e+00   0.0000000e+00   0.0000000e+00   0.0000000e+00   0.0000000e+00   0.0000000e+00   0.0000000e+00   0.0000000e+00   0.0000000e+00   0.0000000e+00   0.0000000e+00   0.0000000e+00   0.0000000e+00   0.0000000e+00   0.0000000e+00   0.0000000e+00   0.0000000e+00
