   0.0000000e+00   0.0000000e+00   0.0000000e+00   0.0000000e+00   1.0000000e+00
   0.0000000e+00   0.0000000e+00   0.0000000e+00   1.0000000e+00   0.0000000e+00
   0.0000000e+00   0.0000000e+00   1.0000000e+00   0.0000000e+00   0.0000000e+00
   0.0000000e+00   1.0000000e+00   0.0000000e+00   0.0000000e+00   0.0000000e+00
   2.1194004e-05   2.2522243e-01   2.1356208e-01   1.8709749e-01   3.7409681e-01
   4.4437927e-05   3.8353472e-01   2.6470027e-01   1.3455272e-01   2.1716786e-01
   5.0008571e-05   3.8290522e-03   2.8010968e-02   4.7265136e-01   4.9545861e-01
   6.5033492e-05   1.4481712e-01   2.1556059e-01   6.1143128e-01   2.8125981e-02
   7.9872797e-05   5.5048078e-01   2.2477574e-01   2.0055321e-01   2.4110393e-02
   1.2979645e-04   4.6410570e-02   7.5268006e-01   1.1345330e-02   1.8943425e-01
   3.2268474e-04   1.2907389e-03   5.8696354e-01   1.0971281e-01   3.0171023e-01
   4.0044820e-04   5.4298808e-02   6.9686923e-02   5.0820959e-01   3.6740423e-01
   5.5701500e-04   2.1060714e-01   2.6215970e-01   4.8838789e-01   3.8288257e-02
   7.4257118e-04   4.0547031e-01   3.0243402e-02   2.6769566e-02   5.3677415e-01
   9.3181563e-04   9.2773463e-02   4.3961598e-01   4.4918123e-01   1.7497513e-02
   9.8345853e-04   1.4157434e-01   9.2634087e-02   2.6265775e-01   5.0215036e-01
   1.0219709e-03   7.1593675e-03   2.3985878e-01   5.5616550e-01   1.9579438e-01
   1.7818959e-03   1.2045617e-01   2.8510335e-03   3.2323592e-01   5.5167498e-01
   1.7933888e-03   4.4600621e-01   8.7444500e-03   1.4350327e-01   3.9995268e-01
   1.8374420e-03   4.7358679e-04   2.5107497e-01   2.2847583e-01   5.1813818e-01
   1.8793038e-03   2.2189824e-01   3.5784303e-01   3.2942756e-01   8.8951869e-02
   1.9407173e-03   5.5867111e-02   4.4884447e-01   5.4060263e-02   4.3928744e-01
   2.3565793e-03   3.1135728e-01   2.1382107e-01   1.7809982e-01   2.9436525e-01
   2.3696772e-03   1.9869614e-01   3.8609514e-01   4.0748496e-01   5.3540796e-03
   2.3973550e-03   3.3377573e-01   3.2261053e-01   2.2152757e-01   1.1968881e-01
   2.4244621e-03   1.4695913e-01   4.0142981e-01   8.4569455e-02   3.6461715e-01
   2.4740711e-03   2.6855841e-02   3.2820983e-01   1.8879502e-01   4.5366524e-01
   2.5686559e-03   3.5070197e-01   3.5573377e-01   2.8230933e-01   8.6862766e-03
   2.7326865e-03   6.4289131e-02   3.2294888e-01   8.4302627e-02   5.2572668e-01
   3.2088219e-03   2.7493546e-01   1.5187547e-01   2.8210713e-01   2.8787312e-01
   3.2320621e-03   1.6031028e-01   2.6502909e-02   2.0717518e-01   6.0277957e-01
   3.3963818e-03   5.0802247e-03   3.8830350e-01   5.2504542e-01   7.8174475e-02
   3.6627287e-03   5.5256514e-01   9.6002351e-02   2.2748291e-01   1.2028687e-01
   3.6674326e-03   2.4751816e-02   3.7931950e-01   3.1391504e-01   2.7834621e-01
   3.9851686e-03   4.4375812e-01   2.9369769e-01   2.4562596e-01   1.2933069e-02
   4.3440487e-03   6.7158992e-01   9.5569070e-02   8.0364900e-02   1.4813206e-01
   4.5161655e-03   3.5795393e-01   5.3366327e-01   2.2072363e-03   1.0165940e-01
   4.5220188e-03   3.6572324e-01   1.6103254e-01   3.1245853e-01   1.5626367e-01
   4.8280368e-03   3.8317264e-03   5.2746644e-01   2.2448410e-01   2.3938970e-01
   4.9936147e-03   4.3502008e-01   2.4509590e-01   4.0284436e-02   2.7460597e-01
   5.0955414e-03   6.3089172e-01   4.3312102e-02   2.8662420e-03   3.1783439e-01
   5.7818010e-03   3.2093576e-01   4.8016684e-01   1.5493290e-01   3.8182701e-02
   5.9092003e-03   3.1795561e-01   1.2989408e-01   2.0570879e-02   5.2567023e-01
   6.7310891e-03   1.6398695e-02   5.0665697e-01   3.4306122e-01   1.2715202e-01
   6.8725060e-03   3.5825292e-02   4.3697344e-01   1.4866110e-01   3.7166766e-01
   7.2572155e-03   1.3978023e-01   1.3083916e-01   1.5821217e-01   5.6391123e-01
   7.8908880e-03   2.3520159e-01   5.6146195e-01   1.8547862e-01   9.9669468e-03
   8.0772203e-03   1.5722478e-01   4.7286440e-01   3.2542131e-01   3.6412291e-02
   8.0825658e-03   3.4441248e-01   4.0590270e-01   4.0832863e-02   2.0076940e-01
   8.0957023e-03   3.1549716e-01   6.2889102e-02   5.0958225e-01   1.0393578e-01
   8.2211883e-03   1.4128604e-01   3.1291092e-01   2.4442937e-01   2.9315249e-01
   8.2527790e-03   6.8763901e-02   5.7813142e-01   1.7751526e-01   1.6733664e-01
   8.2599881e-03   5.1123529e-01   4.7115968e-01   4.3499591e-03   4.9950851e-03
   8.3793235e-03   2.0833343e-01   4.3160104e-01   1.9752113e-01   1.5416507e-01
   8.8157508e-03   3.7555098e-01   5.4598883e-01   5.9653247e-02   9.9911842e-03
   9.0931372e-03   3.8378828e-02   2.9634391e-01   5.7673433e-01   7.9449798e-02
   9.5332986e-03   3.0301028e-01   6.3130815e-02   2.3744238e-01   3.8688322e-01
   9.5390383e-03   3.2346078e-01   1.3674664e-01   5.2960650e-01   6.4705141e-04
   9.7851293e-03   1.0388061e-01   1.6313464e-01   5.6937532e-01   1.5382429e-01
   9.8107900e-03   1.8807342e-01   6.9593780e-02   2.4760995e-02   7.0776101e-01
   1.0637566e-02   9.4996169e-02   3.8762544e-01   3.7535732e-01   1.3138350e-01
   1.1055545e-02   2.6437745e-01   4.3840515e-03   4.0129918e-01   3.1888378e-01
   1.1056095e-02   2.1113620e-01   2.2380050e-01   3.6105756e-01   1.9294964e-01
   1.1136807e-02   2.9792229e-02   3.1672633e-01   3.3598158e-03   6.3898482e-01
   1.1231515e-02   5.6379054e-01   2.9358454e-01   1.1438969e-01   1.7003724e-02
   1.1333585e-02   2.5387231e-01   5.8934643e-02   6.6641481e-01   9.4446543e-03
   1.1380204e-02   5.4700645e-02   2.0988740e-01   4.4625020e-01   2.7778156e-01
   1.3519580e-02   4.0769839e-03   2.1139544e-01   7.5728045e-01   1.3727537e-02
   1.3693923e-02   2.5665302e-01   5.6081407e-01   1.8715023e-02   1.5012397e-01
   1.4137869e-02   3.6702099e-01   7.6411249e-02   3.1488410e-01   2.2754580e-01
   1.4310424e-02   1.1055450e-01   2.5275175e-01   8.3953591e-03   6.1398797e-01
   1.4428957e-02   2.0791404e-01   6.3756153e-01   9.6506481e-02   4.3588996e-02
   1.4587443e-02   1.8392128e-01   1.6419366e-02   5.1642765e-01   2.6864426e-01
   1.5494083e-02   5.2653653e-01   1.1118160e-01   2.7360771e-02   3.1942702e-01
   1.6767282e-02   1.2738286e-01   3.0898996e-01   1.1448338e-01   4.3237653e-01
   1.7010937e-02   4.2297407e-01   1.3328082e-01   1.5106397e-01   2.7567020e-01
   1.7422103e-02   1.4440544e-01   6.4906239e-01   1.5856144e-02   1.7325392e-01
   1.7668483e-02   2.2104955e-01   5.0521575e-01   4.0556766e-03   2.5201054e-01
   1.8439716e-02   6.8865248e-01   3.5460993e-04   1.7234043e-01   1.2021277e-01
   1.8558173e-02   1.0706638e-03   8.4582441e-02   5.9921485e-01   2.9657388e-01
   1.8776901e-02   1.2060281e-02   5.2744695e-01   4.2120092e-01   2.0514950e-02
   1.8872578e-02   1.5887395e-01   3.8387454e-01   1.1469939e-03   4.3723194e-01
   1.9171610e-02   5.7966258e-03   7.0954223e-02   8.6147173e-02   8.1793037e-01
   1.9366824e-02   2.1715181e-01   1.4443088e-02   5.9728074e-01   1.5175754e-01
   1.9378428e-02   2.1572212e-02   6.5813528e-01   1.3162706e-02   2.8775137e-01
   1.9659240e-02   7.6365225e-01   5.2861512e-02   1.4154653e-01   2.2280472e-02
   1.9902518e-02   1.4947197e-01   6.1738424e-02   7.2867587e-01   4.0211210e-02
   2.0821980e-02   1.8641520e-01   1.2590105e-01   4.7478338e-01   1.9207839e-01
   2.1168823e-02   1.3516758e-01   3.8236266e-02   4.3887557e-01   3.6655177e-01
   2.2230320e-02   4.1694610e-01   1.1277375e-01   2.6663772e-02   4.2138606e-01
   2.3125102e-02   1.1874985e-01   4.2832755e-01   1.5250570e-01   2.7729179e-01
   2.3788944e-02   6.2693344e-01   1.4502055e-02   3.3139043e-01   3.3851270e-03
   2.3862375e-02   2.8856826e-02   6.4927858e-02   7.9855716e-01   8.3795782e-02
   2.4174245e-02   5.9657877e-01   1.1154564e-01   2.4988544e-01   1.7815896e-02
   2.5015135e-02   2.8768533e-01   2.1487115e-02   6.1011308e-02   6.0480111e-01
   2.5449908e-02   3.8497271e-01   3.7740710e-01   1.8205755e-01   3.0112735e-02
   2.5552239e-02   5.3649759e-01   3.7630104e-01   7.5968152e-03   5.4052319e-02
   2.6590712e-02   7.4768865e-01   2.1295751e-01   1.1038730e-02   1.7244028e-03
   2.6606795e-02   1.8451002e-01   7.3124034e-01   4.3379898e-02   1.4262950e-02
   2.8434395e-02   9.9349092e-02   2.2953066e-02   6.0808496e-01   2.4117849e-01
   2.8596212e-02   4.3715274e-02   2.1869195e-01   1.0435976e-01   6.0463681e-01
   2.8740781e-02   6.1764181e-02   3.7124791e-02   2.5541449e-01   6.1695576e-01
   2.9414261e-02   3.5795674e-01   2.0835594e-03   4.2118221e-01   1.8936323e-01
   3.0228228e-02   6.2523347e-01   2.0813124e-01   2.2640248e-02   1.1376681e-01
   3.0254123e-02   1.2972011e-01   2.3795675e-02   1.1854697e-01   6.9768312e-01
   3.1216755e-02   1.7017467e-01   1.9318378e-01   3.0228971e-01   3.0313508e-01
   3.1573219e-02   2.6572896e-03   7.1846257e-01   1.4714294e-01   1.0016398e-01
   3.1834761e-02   5.1310678e-01   1.7571954e-01   1.6348758e-01   1.1585135e-01
   3.2093694e-02   2.2997825e-01   1.2693891e-01   1.2616324e-01   4.8482590e-01
   3.2313569e-02   9.5411755e-02   1.4922768e-01   3.2080111e-01   4.0224589e-01
   3.2425931e-02   1.9747363e-01   6.3171580e-02   1.1269548e-01   5.9423337e-01
   3.2874278e-02   7.4677921e-01   9.3291870e-03   3.3762772e-02   1.7725455e-01
   3.3519743e-02   2.8229756e-01   2.5154632e-02   1.5404937e-01   5.0497869e-01
   3.3889244e-02   5.3282097e-01   1.1244124e-03   9.4692050e-02   3.3747332e-01
   3.9527235e-02   3.4559955e-01   4.4781608e-01   6.4002837e-02   1.0305430e-01
   3.9672529e-02   1.2060054e-02   5.5480917e-01   1.6814534e-02   3.7664371e-01
   4.0547688e-02   1.3101051e-04   8.5786001e-01   1.3837106e-02   8.7624182e-02
   4.0719406e-02   1.2902889e-01   2.3038909e-02   6.7388938e-03   8.0047391e-01
   4.1058284e-02   3.3017990e-02   6.5249814e-02   3.7587888e-01   4.8479503e-01
   4.1257367e-02   1.9253438e-02   3.5677800e-01   5.8153242e-01   1.1787819e-03
   4.1647169e-02   6.0832943e-02   7.9784745e-01   5.8961161e-02   4.0711277e-02
   4.1657735e-02   1.6222505e-01   1.1053929e-01   6.2415777e-01   6.1420152e-02
   4.2319793e-02   8.5266443e-03   4.3568641e-01   2.3092377e-01   2.8254338e-01
   4.2885506e-02   2.1707278e-01   1.4665899e-01   1.2042705e-02   5.8134002e-01
   4.5852395e-02   2.1470573e-02   1.4448926e-01   7.0386085e-01   8.4326924e-02
   4.6454140e-02   2.2397102e-01   4.1323474e-01   7.1285639e-02   2.4505447e-01
   4.6459348e-02   5.8823529e-02   6.9763957e-01   1.9482952e-01   2.2480330e-03
   4.9589138e-02   4.8651192e-01   1.1972030e-01   3.3569204e-01   8.4865967e-03
   5.0715397e-02   5.3532937e-01   7.3617127e-03   2.8722648e-01   1.1936705e-01
   5.1512113e-02   1.2323761e-01   3.0504189e-01   3.3096633e-01   1.8924205e-01
   5.1744824e-02   1.4225311e-02   3.3757726e-01   2.3082241e-01   3.6563020e-01
   5.3220739e-02   9.2363098e-02   5.1742453e-01   1.0478829e-01   2.3220335e-01
   5.3395686e-02   5.6730276e-01   2.2468550e-04   1.4074032e-01   2.3833655e-01
   5.3811435e-02   3.9079078e-02   1.2246256e-01   2.8968615e-02   7.5567831e-01
   5.3845923e-02   7.5494889e-03   6.4478450e-01   2.8250372e-01   1.1316369e-02
   5.4018230e-02   2.9969621e-01   2.2450877e-01   3.6497974e-01   5.6797054e-02
   5.4486470e-02   2.3081315e-01   3.4828257e-01   1.1912972e-02   3.5450484e-01
   5.9278482e-02   2.9299541e-01   6.1118164e-01   3.3058027e-03   3.3238668e-02
   5.9524248e-02   2.0577878e-01   1.0849243e-01   2.3211331e-01   3.9409124e-01
   5.9863827e-02   6.4636120e-01   2.5785118e-01   1.9105038e-02   1.6818759e-02
   6.0617367e-02   6.8089759e-01   1.5734323e-01   9.8953764e-02   2.1880517e-03
   6.1345481e-02   2.7902967e-01   4.0579223e-01   2.4089860e-01   1.2934016e-02
   6.2213095e-02   6.2237780e-01   1.0258290e-01   1.2670060e-02   2.0015614e-01
   6.2316244e-02   6.2019708e-02   2.3834487e-01   2.0842206e-01   4.2889712e-01
   6.2468786e-02   1.2327822e-01   6.0038599e-01   1.0967457e-01   1.0419244e-01
   6.3923647e-02   1.1960306e-01   2.9543841e-01   4.2755528e-01   9.3479599e-02
   6.3951543e-02   4.3018236e-03   3.6111755e-01   4.3610658e-01   1.3452250e-01
   6.5163591e-02   1.8943978e-01   1.8511683e-01   4.7516938e-01   8.5110421e-02
   6.7277352e-02   1.3882046e-02   2.0273291e-03   5.6854962e-01   3.4826365e-01
   6.7661867e-02   7.6485939e-01   7.2510799e-02   4.2224074e-02   5.2743871e-02
   7.0420325e-02   1.9104909e-01   1.2637852e-02   2.6459504e-01   4.6129769e-01
   7.0751657e-02   1.3510249e-02   1.7915250e-01   5.0184582e-01   2.3473977e-01
   7.0963528e-02   6.6707826e-02   4.7102658e-01   4.1571401e-02   3.4973066e-01
   7.1761528e-02   2.2692052e-01   2.6229190e-01   1.7081278e-03   4.3731792e-01
   7.1822016e-02   4.5515729e-01   4.1333148e-01   3.5804782e-02   2.3884435e-02
   7.3102900e-02   5.1648788e-03   2.5824394e-01   6.5395312e-01   9.5351609e-03
   7.4172474e-02   5.5875665e-02   6.3712967e-01   6.6552067e-02   1.6627012e-01
   7.5976865e-02   3.0660681e-02   1.0178721e-01   1.6159980e-01   6.2997545e-01
   7.7766700e-02   8.4845464e-01   7.9760718e-03   4.4865404e-02   2.0937188e-02
   7.8800989e-02   4.2479573e-01   3.5464789e-02   1.8920943e-01   2.7172906e-01
   7.8913874e-02   6.9155706e-02   2.1213407e-02   6.9622401e-01   1.3449300e-01
   7.9689650e-02   2.6082908e-01   3.7030209e-01   1.8864065e-01   1.0053853e-01
   8.0242380e-02   2.0821343e-01   5.1895990e-01   1.1861789e-01   7.3966410e-02
   8.1203006e-02   1.5450645e-01   4.4552902e-01   2.3700785e-01   8.1753682e-02
   8.2363626e-02   1.7752253e-01   2.8421333e-01   1.8250960e-01   2.7339093e-01
   8.3519251e-02   3.3704890e-01   1.5237153e-01   2.3243988e-01   1.9462044e-01
   8.4620773e-02   1.2359008e-03   1.6600976e-01   3.7360334e-01   3.7453023e-01
   8.4765933e-02   3.5424545e-01   6.6407885e-04   5.5237485e-01   7.9496795e-03
   8.5160503e-02   3.8032903e-01   1.8340333e-01   2.5986681e-01   9.1240330e-02
   8.5210688e-02   7.0266571e-01   1.5040684e-01   1.0114716e-03   6.0705297e-02
   8.6808886e-02   1.0683273e-01   3.8595589e-01   2.9389605e-01   1.2650644e-01
   8.7721093e-02   1.4790774e-01   1.4272142e-01   3.6210855e-01   2.5954120e-01
   8.9249830e-02   1.0409478e-02   5.9223318e-01   2.0873934e-01   9.9368175e-02
   9.1325099e-02   4.9432028e-01   1.2311977e-01   9.4482505e-02   1.9675235e-01
   9.2489821e-02   1.5638591e-01   2.3478056e-01   1.3235683e-01   3.8398687e-01
   9.2605458e-02   8.3551583e-02   2.2176013e-02   5.2723598e-01   2.7443097e-01
   9.3034534e-02   1.7103766e-02   1.5529066e-01   2.3395717e-01   5.0061388e-01
   9.3486950e-02   3.7726780e-01   3.3912970e-01   2.6997987e-02   1.6311756e-01
   9.4097882e-02   5.4575541e-01   2.0503716e-01   1.4930247e-01   5.8070760e-03
   9.5505321e-02   3.8474977e-01   2.0580448e-01   1.3724137e-01   1.7669905e-01
   9.5604060e-02   3.3414242e-01   1.3739721e-01   4.0746061e-01   2.5395699e-02
   9.5966862e-02   6.9169612e-01   3.5674213e-02   1.2626930e-01   5.0393501e-02
   9.6387902e-02   2.8080310e-01   2.9867215e-01   1.0898047e-01   2.1515638e-01
   9.7820805e-02   7.6013692e-03   3.7764047e-01   1.2356473e-01   3.9337263e-01
   9.8092527e-02   2.0002487e-01   2.4717677e-01   3.4750221e-01   1.0720362e-01
   9.9841121e-02   2.8640914e-02   4.3949176e-01   2.6224329e-01   1.6978291e-01
   1.0011883e-01   6.6563969e-02   1.0873590e-01   5.8835962e-02   6.6574535e-01
   1.0116750e-01   3.1244901e-03   3.4956211e-01   3.2966785e-01   2.1647805e-01
   1.0311212e-01   9.4794586e-02   2.8103593e-01   5.2048589e-01   5.7148153e-04
   1.0364133e-01   1.0022060e-01   3.2027434e-01   1.3499493e-01   3.4086881e-01
   1.0608871e-01   3.6510084e-01   1.7749886e-02   3.1838758e-01   1.9267297e-01
   1.0726530e-01   2.1291324e-01   2.8714672e-02   3.6523734e-01   2.8586945e-01
   1.0730379e-01   2.2704419e-01   2.0511162e-01   2.8476745e-01   1.7577295e-01
   1.0744415e-01   3.6088757e-01   5.1614757e-01   4.8846569e-03   1.0636051e-02
   1.0806143e-01   3.1642791e-01   9.0061314e-02   1.2340913e-01   3.6204022e-01
   1.0903896e-01   4.1018815e-02   1.0377544e-02   3.0376351e-01   5.3580117e-01
   1.0961820e-01   2.9813958e-01   1.0826329e-01   2.0759178e-01   2.7638715e-01
   1.1043593e-01   3.4138919e-02   4.8933847e-03   8.4682891e-01   3.7028599e-03
   1.1046505e-01   1.7154714e-01   9.3757899e-03   6.0628417e-01   1.0232785e-01
   1.1144430e-01   1.4199485e-01   1.3802260e-01   5.4527149e-01   6.3266755e-02
   1.1218232e-01   1.1655698e-01   6.2868255e-01   1.3235754e-01   1.0220617e-02
   1.1234905e-01   1.4920945e-01   2.6622060e-03   7.2216546e-01   1.3613839e-02
   1.1291885e-01   1.1146388e-01   2.9074473e-01   4.9124672e-02   4.3574787e-01
   1.1364535e-01   2.0466029e-01   3.9515711e-01   1.2375673e-01   1.6278051e-01
   1.1620211e-01   3.0407474e-01   3.0512828e-01   3.2866340e-04   2.7426621e-01
   1.1781699e-01   4.6722618e-01   2.1596722e-01   4.7077237e-02   1.5191237e-01
   1.1841591e-01   9.1924827e-03   3.2709331e-01   2.9829302e-02   5.1546900e-01
   1.1881492e-01   5.0911666e-01   7.1628039e-03   3.2952846e-01   3.5377158e-02
   1.1908319e-01   4.2019916e-01   1.9497534e-02   1.7604593e-02   4.2361552e-01
   1.1908688e-01   1.3071330e-01   5.4668436e-01   1.4434590e-03   2.0207200e-01
   1.2017092e-01   5.6444829e-02   2.0894927e-01   4.8714628e-02   5.6572035e-01
   1.2031714e-01   3.7507275e-01   2.0273385e-01   4.2229789e-02   2.5964648e-01
   1.2038894e-01   1.6282479e-01   7.3687442e-02   4.8838126e-01   1.5471757e-01
   1.2155381e-01   6.1783504e-01   1.1111986e-01   8.3169205e-02   6.6322087e-02
   1.2364947e-01   4.4739908e-01   2.8505742e-02   2.4092799e-01   1.5951771e-01
   1.2386157e-01   2.1857923e-02   5.8287796e-03   1.5300546e-01   6.9544627e-01
   1.2488811e-01   7.4002897e-04   2.4723742e-01   5.7109941e-01   5.6035028e-02
   1.2638457e-01   4.4581397e-01   1.8292970e-01   2.4472183e-01   1.4993019e-04
   1.2792232e-01   2.2220497e-03   2.7392896e-01   4.5084545e-01   1.4508122e-01
   1.2952313e-01   3.7548410e-04   5.1700344e-01   3.1708953e-01   3.6008409e-02
   1.3059717e-01   1.8136689e-01   3.6171995e-01   6.5375415e-02   2.6094058e-01
   1.3120469e-01   6.1472316e-02   1.0850455e-01   6.9179584e-01   7.0226062e-03
   1.3221110e-01   4.9223183e-01   1.1091298e-01   1.2854844e-04   2.6451554e-01
   1.3376709e-01   2.2648407e-01   9.7172024e-02   1.1324808e-01   4.2932874e-01
   1.3413639e-01   1.2761828e-02   9.2756271e-02   5.2422782e-01   2.3611769e-01
   1.3466644e-01   1.0063772e-01   1.2460718e-01   9.7600017e-02   5.4248865e-01
   1.3505463e-01   6.2900123e-01   1.7434787e-03   3.7696740e-02   1.9650392e-01
   1.3531950e-01   2.7410345e-01   2.8135799e-02   4.2442532e-01   1.3801594e-01
   1.3705897e-01   1.4507885e-01   3.6820861e-01   7.9157419e-03   3.4173781e-01
   1.3811947e-01   2.0009589e-01   4.5249071e-02   1.4256045e-02   6.0227952e-01
   1.3830053e-01   2.4117256e-01   1.8854905e-01   8.2302053e-02   3.4967580e-01
   1.3909727e-01   5.6725773e-01   1.4221915e-01   9.6895496e-03   1.4173630e-01
   1.3996233e-01   2.1397704e-01   1.1813868e-01   3.5435154e-01   1.7357042e-01
   1.4152686e-01   5.5898101e-01   2.2662528e-01   5.1829664e-02   2.1037188e-02
   1.4228907e-01   1.2104051e-02   2.6282285e-01   2.6156317e-01   3.2122086e-01
   1.4449859e-01   1.5222597e-03   5.7115348e-01   1.7896074e-02   2.6492960e-01
   1.4475138e-01   8.6999700e-02   5.2636651e-01   2.3141945e-01   1.0462963e-02
   1.4486428e-01   9.4977783e-02   7.2390284e-01   1.6000914e-02   2.0254190e-02
   1.4591526e-01   3.9766587e-01   2.1241044e-02   4.3162022e-01   3.5576082e-03
   1.4737101e-01   1.1849672e-01   9.8106475e-02   2.7281443e-01   3.6321137e-01
   1.4797032e-01   4.4085552e-02   5.2378874e-03   1.0039284e-02   7.9266696e-01
   1.5013789e-01   1.7017007e-01   1.3906794e-02   1.1337831e-01   5.5240693e-01
   1.5106165e-01   9.6768586e-02   2.4687599e-01   3.7293425e-01   1.3235952e-01
   1.5145798e-01   3.0991679e-01   1.6480538e-02   7.3488467e-03   5.1479585e-01
   1.5197605e-01   1.9592310e-01   1.6379244e-01   4.7602540e-01   1.2283006e-02
   1.5245040e-01   1.2673097e-01   3.0968199e-01   3.8586136e-01   2.5275286e-02
   1.5269825e-01   2.4806466e-01   4.3692987e-01   5.7091567e-02   1.0521566e-01
   1.5318347e-01   1.0566397e-01   1.8079384e-02   3.4714475e-01   3.7592842e-01
   1.5419078e-01   3.2529273e-01   2.3107640e-02   2.3915518e-01   2.5825366e-01
   1.5467682e-01   2.7753179e-01   3.1446779e-02   1.8562054e-01   3.5072407e-01
   1.5469662e-01   4.2817843e-02   2.1806243e-01   3.5733819e-01   2.2708492e-01
   1.5655188e-01   3.7379674e-01   9.1429469e-02   3.0932436e-01   6.8897546e-02
   1.5848611e-01   5.0705254e-02   1.7145520e-01   4.4110239e-01   1.7825104e-01
   1.5918567e-01   3.2388698e-01   2.0514433e-01   2.0647038e-01   1.0531264e-01
   1.5948300e-01   2.1068748e-01   5.4318722e-01   1.5781783e-02   7.0860516e-02
   1.6000531e-01   4.1551831e-01   2.7768759e-01   1.2933651e-01   1.7452265e-02
   1.6064249e-01   4.9058504e-01   1.7393476e-02   8.1752065e-03   3.2320378e-01
   1.6187156e-01   2.1961139e-01   3.3198322e-01   2.7824647e-01   8.2873587e-03
   1.6192613e-01   5.6937950e-03   7.8231902e-01   5.1909392e-03   4.4870117e-02
   1.6268277e-01   1.9625103e-02   6.1383772e-02   6.5717808e-01   9.9130277e-02
   1.6441370e-01   3.6983373e-01   2.9485398e-02   1.4305176e-01   2.9321541e-01
   1.6457632e-01   4.2299321e-02   6.2634941e-01   2.8593593e-03   1.6391558e-01
   1.6612490e-01   9.3238933e-02   2.4481855e-01   2.4261148e-01   2.5320613e-01
   1.6647999e-01   7.9354093e-03   1.2376737e-01   2.1394220e-04   7.0160328e-01
   1.6730801e-01   2.9698296e-01   4.6039579e-03   4.7545646e-01   5.5648611e-02
   1.7483323e-01   2.4724687e-01   4.1227128e-01   1.6406015e-01   1.5884757e-03
   1.7543272e-01   1.1504090e-01   1.7101998e-01   4.4909264e-01   8.9413761e-02
   1.7642237e-01   1.6334241e-01   2.2677777e-01   1.5731811e-01   2.7613934e-01
   1.7804264e-01   3.1504089e-04   1.4226638e-03   2.3130741e-01   5.8891225e-01
   1.7923859e-01   5.4589949e-01   1.1476538e-02   2.0403398e-01   5.9351398e-02
   1.7971478e-01   3.6982340e-02   7.3961906e-02   2.4092178e-01   4.6841919e-01
   1.7983299e-01   6.0428362e-02   1.2882561e-01   5.5868177e-01   7.2231270e-02
   1.7988589e-01   3.8194227e-01   1.0077139e-01   2.1630377e-02   3.1577007e-01
   1.8048224e-01   2.8167233e-01   4.6892243e-01   6.0706167e-02   8.2168329e-03
   1.8122244e-01   1.5308071e-01   4.7211264e-01   4.7357021e-02   1.4622718e-01
   1.8175941e-01   1.5220093e-01   4.3345235e-01   1.6815480e-01   6.4432511e-02
   1.8184788e-01   1.7471261e-01   3.2458972e-01   1.2581150e-01   1.9303828e-01
   1.8239048e-01   4.0705173e-01   2.8901855e-01   3.2169414e-02   8.9369830e-02
   1.8385101e-01   7.1055440e-01   7.4877326e-02   1.5354882e-02   1.5362382e-02
   1.8483332e-01   2.6946515e-01   1.3645865e-01   6.3073101e-03   4.0293558e-01
   1.8547142e-01   9.0903326e-03   1.9318232e-01   1.3520914e-01   4.7704679e-01
   1.8581696e-01   3.0702951e-01   2.3429534e-01   8.3648742e-02   1.8920945e-01
   1.8907620e-01   2.0709379e-01   2.7285327e-01   1.7685268e-02   3.1329147e-01
   1.8911796e-01   2.6105052e-02   9.1167293e-02   3.8013717e-01   3.1347252e-01
   1.8965549e-01   8.0350541e-02   3.8502491e-01   8.1403300e-02   2.6356576e-01
   1.8974129e-01   1.2342064e-01   6.1569953e-01   2.9462161e-02   4.1676375e-02
   1.8984857e-01   5.3757712e-01   2.8042625e-03   1.1104879e-01   1.5872126e-01
   1.9013932e-01   1.9448993e-01   1.5510262e-02   2.7302669e-01   3.2683381e-01
   1.9100356e-01   1.2560132e-01   5.3761471e-03   2.0112418e-01   4.7689479e-01
   1.9274829e-01   2.3460679e-03   4.6671613e-01   1.9093561e-01   1.4725390e-01
   1.9303309e-01   1.9394152e-01   8.7081665e-02   1.8531826e-01   3.4062547e-01
   1.9459858e-01   2.3506381e-01   2.0332329e-01   3.4512611e-01   2.1888214e-02
   1.9493854e-01   1.6958750e-01   1.4229271e-01   2.5608166e-01   2.3709958e-01
   1.9528953e-01   3.2105179e-02   6.7444452e-01   8.3503644e-02   1.4657129e-02
   1.9762502e-01   1.0716670e-01   2.8064895e-03   2.5187698e-02   6.6721409e-01
   2.0072747e-01   3.0145928e-01   9.2806060e-02   1.7461284e-01   2.3039435e-01
   2.0123474e-01   1.3017510e-01   3.7243089e-01   2.8810189e-01   8.0573852e-03
   2.0297111e-01   4.4045307e-01   1.7942810e-01   8.3100937e-02   9.4046783e-02
   2.0393936e-01   6.7736858e-02   2.7713646e-01   1.4172400e-01   3.0946333e-01
   2.0489330e-01   6.9238160e-02   3.4983802e-01   2.3961527e-01   1.3641525e-01
   2.0786388e-01   1.2564265e-02   2.2191869e-01   1.9550947e-01   3.6214370e-01
   2.1005639e-01   3.4901985e-01   3.6673482e-01   2.5135581e-02   4.9053365e-02
   2.1017739e-01   1.1928463e-02   2.1054712e-02   4.6667691e-01   2.9016253e-01
   2.1087267e-01   3.7652875e-01   1.7546114e-01   5.6936848e-03   2.3144376e-01
   2.1216439e-01   3.2016393e-01   2.4077913e-02   3.2851580e-01   1.1507796e-01
   2.1267066e-01   3.7789765e-02   1.4235078e-01   2.8297479e-01   3.2421400e-01
   2.1268734e-01   1.0868743e-01   1.3006705e-01   1.0900141e-02   5.3765805e-01
   2.1349096e-01   2.0514604e-02   1.7385257e-03   7.9624478e-02   6.8463143e-01
   2.1807858e-01   2.7141392e-02   4.3186850e-01   5.7585298e-03   3.1715300e-01
   2.1906519e-01   8.5913691e-02   2.3640986e-01   7.0338439e-02   3.8827281e-01
   2.1972882e-01   1.6340794e-01   6.8233899e-02   4.3008433e-01   1.1854501e-01
   2.2347547e-01   3.1509915e-01   3.3791026e-01   1.2186084e-01   1.6542877e-03
   2.2408472e-01   4.8821856e-01   1.3114066e-01   1.3381009e-01   2.2745977e-02
   2.2682498e-01   1.5375387e-01   2.2421639e-01   2.3864677e-01   1.5655799e-01
   2.2836258e-01   1.6903848e-01   1.5307945e-01   7.8789367e-02   3.7073012e-01
   2.2844809e-01   1.5477193e-02   6.0594979e-03   7.3155674e-01   1.8458483e-02
   2.3103789e-01   2.6195684e-01   2.5619379e-01   1.6325742e-01   8.7554062e-02
   2.3195343e-01   3.1082918e-01   2.0989981e-01   2.2695474e-01   2.0362841e-02
   2.3236555e-01   1.9256262e-03   5.5202778e-01   5.1561274e-03   2.0852491e-01
   2.3319827e-01   4.7300877e-01   7.1992003e-02   8.6997134e-02   1.3480382e-01
   2.3404802e-01   4.6416340e-01   5.4729589e-03   2.9315710e-01   3.1585141e-03
   2.3420575e-01   6.0318621e-01   1.1867795e-01   1.9811817e-02   2.4118269e-02
   2.3485130e-01   6.0167252e-01   3.1492459e-02   1.0726045e-01   2.4723272e-02
   2.3514933e-01   1.9070640e-01   4.6839725e-01   9.5911678e-02   9.8353408e-03
   2.3523545e-01   5.8918060e-02   1.3269675e-01   1.9085308e-01   3.8229665e-01
   2.3544382e-01   1.9509819e-01   3.3948714e-02   5.1236347e-01   2.3145817e-02
   2.3685992e-01   3.9958904e-01   3.8283289e-02   1.6969920e-01   1.5556855e-01
   2.3716956e-01   8.2173191e-02   2.0844830e-03   5.2168887e-01   1.5688390e-01
   2.4338010e-01   9.6939240e-03   3.9085680e-01   3.0779178e-01   4.8277392e-02
   2.4485373e-01   3.8156922e-01   1.2483922e-01   2.3837011e-01   1.0367708e-02
   2.4487183e-01   7.3669052e-02   3.6335995e-02   3.2889771e-01   3.1622541e-01
   2.4772333e-01   2.8127186e-01   4.5549764e-04   4.3384307e-03   4.6621088e-01
   2.4820972e-01   3.4771698e-01   2.1060489e-01   1.1922963e-01   7.4238784e-02
   2.4840558e-01   4.2220395e-01   3.1885797e-01   5.2112372e-03   5.3212588e-03
   2.5010054e-01   3.9679414e-02   2.7232241e-01   2.1350618e-01   2.2439146e-01
   2.5053073e-01   3.8125263e-02   7.3708208e-02   6.1920177e-01   1.8434028e-02
   2.5159964e-01   2.1193727e-01   2.7967035e-02   3.1938909e-01   1.8910697e-01
   2.5181956e-01   7.7700175e-02   1.3080368e-01   3.8386528e-01   1.5581130e-01
   2.5397544e-01   3.2892570e-02   3.2413238e-04   2.3236199e-01   4.8044587e-01
   2.5548632e-01   1.9957152e-01   2.6557606e-01   2.6574292e-01   1.3623181e-02
   2.5554110e-01   1.1727457e-02   1.8285547e-01   5.4712471e-01   2.7512632e-03
   2.5589938e-01   3.3076090e-01   1.0378471e-01   8.7711588e-02   2.2184342e-01
   2.6047361e-01   2.4254580e-01   6.6121631e-03   1.0068027e-01   3.8968815e-01
   2.6611111e-01   4.8871481e-01   6.5640242e-03   1.7889826e-01   5.9711798e-02
   2.6990154e-01   1.8921784e-01   3.8106750e-01   3.3711986e-02   1.2610114e-01
   2.7102583e-01   4.9156982e-01   1.2837892e-01   2.8587023e-03   1.0616673e-01
   2.7180660e-01   1.7293838e-01   1.0077409e-02   1.9210602e-01   3.5307158e-01
   2.7236311e-01   1.7612074e-03   1.4458048e-01   4.8149979e-01   9.9795407e-02
   2.7357553e-01   2.6207076e-01   5.5376291e-03   4.3382601e-01   2.4990075e-02
   2.7398903e-01   2.6264430e-01   1.1703052e-01   8.1526014e-03   3.3818355e-01
   2.7591857e-01   9.4191688e-03   5.0831739e-01   1.2041502e-01   8.5929845e-02
   2.7600633e-01   3.8749611e-01   3.8216511e-03   2.7247724e-01   6.0198661e-02
   2.8089029e-01   2.4002854e-03   1.9567819e-01   2.1568447e-02   4.9946279e-01
   2.8285403e-01   1.4916672e-01   5.5828778e-01   8.1968558e-03   1.4946098e-03
   2.8332300e-01   5.4582235e-03   1.4924072e-01   3.0619393e-01   2.5578412e-01
   2.8426725e-01   1.0798053e-01   4.1780641e-03   1.2885642e-01   4.7471773e-01
   2.8475876e-01   1.1460667e-01   4.5329887e-02   4.7532763e-04   5.5482936e-01
   2.8542034e-01   2.3515579e-02   9.7001764e-03   1.0288066e-01   5.7848325e-01
   2.8850744e-01   1.5817490e-03   3.5389951e-01   1.6112764e-01   1.9488365e-01
   2.8865212e-01   2.4075981e-02   2.2512563e-01   3.6091552e-01   1.0123074e-01
   2.9282194e-01   1.8939337e-01   1.1181337e-01   2.2240378e-01   1.8356754e-01
   2.9346033e-01   2.9396813e-01   6.6603778e-03   1.5621285e-01   2.4969832e-01
   2.9397957e-01   1.9563102e-02   2.5590970e-02   5.5622469e-01   1.0464166e-01
   2.9458837e-01   8.4120003e-02   3.4950046e-01   1.8777647e-01   8.4014704e-02
   2.9675547e-01   3.7018886e-01   2.5692475e-01   2.2805690e-02   5.3325223e-02
   2.9842341e-01   1.0023771e-01   2.0246540e-01   7.1134285e-02   3.2773920e-01
   2.9844673e-01   3.3899120e-01   3.5879787e-03   4.1705998e-02   3.1726810e-01
   2.9878024e-01   1.0537991e-01   2.5720291e-01   2.3772958e-01   1.0090736e-01
   2.9983156e-01   3.7597317e-02   4.5230699e-01   1.1872728e-02   1.9839140e-01
   3.0085175e-01   2.9792041e-01   8.8286872e-02   3.1112806e-01   1.8129114e-03
   3.0128680e-01   9.5114044e-02   2.6527730e-01   9.8850959e-02   2.3947090e-01
   3.0168491e-01   4.0765869e-01   1.7116269e-01   1.1419508e-01   5.2986206e-03
   3.0195909e-01   1.7109896e-01   3.7834398e-01   1.3695453e-01   1.1643435e-02
   3.0304389e-01   2.6742299e-02   6.1714436e-01   4.4886611e-02   8.1828468e-03
   3.0344834e-01   1.3546129e-02   7.7047378e-02   3.9270968e-03   6.0203105e-01
   3.0524000e-01   3.4922917e-03   2.2755097e-01   4.4579314e-01   1.7923607e-02
   3.0524252e-01   2.3467551e-01   1.7244764e-01   5.3841917e-02   2.3379241e-01
   3.0853816e-01   1.2262162e-01   1.1288512e-01   1.3750654e-01   3.1844856e-01
   3.1279231e-01   2.1508518e-01   8.2184340e-03   2.3729033e-01   2.2661375e-01
   3.1399277e-01   1.3574865e-01   1.2804066e-02   3.1581727e-01   2.2163724e-01
   3.1611766e-01   2.7424772e-01   2.4383841e-01   8.2160737e-03   1.5758013e-01
   3.1739145e-01   1.1666356e-01   1.4136068e-01   4.1552693e-01   9.0573775e-03
   3.2094136e-01   7.3878921e-03   2.6891822e-01   4.3203584e-02   3.5954894e-01
   3.2294574e-01   9.3138723e-02   7.9895330e-02   8.5643879e-02   4.1837633e-01
   3.2509774e-01   2.7985705e-01   9.9191181e-02   1.9363925e-01   1.0221477e-01
   3.2787506e-01   2.5440114e-01   3.9052314e-01   6.8981745e-03   2.0302476e-02
   3.2823569e-01   4.0545113e-01   3.9152362e-02   2.1011212e-02   2.0614960e-01
   3.2850964e-01   3.4617114e-01   4.8762167e-02   1.1611537e-01   1.6044169e-01
   3.2917478e-01   1.8654227e-03   6.1164330e-02   4.3001545e-01   1.7778002e-01
   3.2976745e-01   3.7793573e-01   1.5960308e-01   5.2776269e-02   7.9917469e-02
   3.3023185e-01   1.5530521e-02   1.7751534e-03   3.3484062e-01   3.1762186e-01
   3.3380082e-01   4.0092044e-03   8.5812958e-02   2.0663742e-01   3.6973959e-01
   3.3498447e-01   5.6317662e-02   4.1165418e-01   1.8625688e-01   1.0786806e-02
   3.3838612e-01   6.6867213e-02   1.7614851e-01   1.1619160e-02   4.0697900e-01
   3.3941978e-01   5.0782400e-01   4.3570773e-03   2.9360872e-02   1.1903827e-01
   3.4135741e-01   2.0391104e-01   1.9782143e-01   2.4312286e-01   1.3787266e-02
   3.4163362e-01   9.0657988e-02   3.0833198e-01   1.4711471e-03   2.5790526e-01
   3.4400259e-01   3.7292901e-02   2.5235622e-01   1.8831486e-01   1.7803343e-01
   3.4702332e-01   5.4823717e-02   8.2580679e-02   5.0396697e-01   1.1605314e-02
   3.4944539e-01   3.4470491e-02   3.8869948e-01   9.9026898e-02   1.2835774e-01
   3.5062256e-01   4.8044150e-01   1.5017151e-01   4.7300995e-03   1.4034330e-02
   3.5142628e-01   6.2852643e-05   9.9867830e-02   5.0200783e-02   4.9844225e-01
   3.5548088e-01   1.4822670e-01   5.0069290e-02   3.4387856e-01   1.0234457e-01
   3.5772437e-01   1.6361187e-01   1.1721313e-02   1.6287828e-03   4.6531366e-01
   3.5806033e-01   1.5459502e-02   1.8882168e-01   2.6845687e-01   1.6920161e-01
   3.5858060e-01   1.2208143e-01   1.4211073e-01   2.5903668e-01   1.1819057e-01
   3.6819413e-01   1.9892531e-02   2.9452749e-01   3.0905591e-01   8.3299412e-03
   3.6949444e-01   2.3861874e-01   5.5907425e-02   1.4542783e-03   3.3452511e-01
   3.7057824e-01   1.4243421e-02   5.9750225e-02   3.3302314e-01   2.2240498e-01
   3.7130032e-01   1.0170556e-01   4.7212318e-03   1.7322953e-01   3.4904336e-01
   3.7179848e-01   1.6718104e-02   2.5133628e-01   8.7810200e-02   2.7233694e-01
   3.7229690e-01   3.1268264e-02   1.1689071e-03   3.2729398e-02   5.6253653e-01
   3.7602575e-01   7.6130961e-02   1.8833441e-01   3.4224057e-01   1.7268306e-02
   3.7729441e-01   9.0347414e-02   1.6956635e-01   1.6591153e-01   1.9688029e-01
   3.7864547e-01   3.2829856e-01   1.2000029e-01   1.5101386e-01   2.2041819e-02
   3.7883149e-01   9.3085182e-02   1.5716776e-02   4.3938649e-01   7.2980063e-02
   3.8444250e-01   4.2720959e-02   9.3027062e-02   3.7410781e-01   1.0570167e-01
   3.8826534e-01   1.1825984e-02   1.3065772e-02   1.6086672e-01   4.2597619e-01
   3.8866892e-01   1.4340242e-02   1.3773307e-01   2.0403858e-01   2.5521918e-01
   3.9170839e-01   3.0787702e-01   8.3428258e-04   1.7449288e-01   1.2508743e-01
   3.9175525e-01   2.5016448e-01   1.5639789e-02   3.4067191e-01   1.7685686e-03
   3.9543813e-01   3.9698170e-01   1.2579382e-02   1.6023217e-01   3.4768617e-02
   3.9789137e-01   7.8054276e-03   5.5154232e-01   3.6549940e-02   6.2109464e-03
   3.9856378e-01   1.1295831e-01   3.7894300e-01   1.5445968e-02   9.4088934e-02
   4.0072630e-01   2.4676371e-01   2.0765266e-01   9.3690957e-02   5.1166365e-02
   4.0287871e-01   5.0556509e-02   1.3234909e-01   1.1508435e-01   2.9913135e-01
   4.0464339e-01   1.7335911e-01   2.5604754e-01   5.2816518e-02   1.1313344e-01
   4.0642676e-01   3.2215871e-01   8.3667144e-02   1.0791781e-03   1.8666821e-01
   4.0787371e-01   2.3231456e-01   5.3708047e-02   6.6640138e-02   2.3946354e-01
   4.0963652e-01   2.1901895e-01   8.0066396e-02   1.9267194e-01   9.8606192e-02
   4.1475826e-01   8.6446003e-02   1.8306575e-01   6.2835067e-03   3.0944648e-01
   4.1568979e-01   1.2962559e-01   3.0700457e-01   1.3255527e-01   1.5124772e-02
   4.2210163e-01   5.4357745e-01   2.5460935e-03   8.4524191e-03   2.3322403e-02
   4.2458485e-01   1.9974253e-03   5.7935609e-03   4.3434623e-01   1.3327793e-01
   4.2661377e-01   3.6301813e-01   7.9813770e-03   8.5918861e-02   1.1646786e-01
   4.2689422e-01   2.6162413e-02   3.6558979e-01   1.3243573e-01   4.8917838e-02
   4.2916525e-01   4.6580797e-02   1.0595011e-01   4.0819340e-01   1.0110442e-02
   4.3322507e-01   8.7087969e-03   1.5555696e-02   2.6516212e-01   2.7734833e-01
   4.3327976e-01   5.3479604e-03   1.9883683e-01   2.8588733e-01   7.6648123e-02
   4.5125812e-01   1.1372431e-01   1.2866360e-01   1.7831672e-01   1.2803725e-01
   4.5529827e-01   3.1948903e-01   4.9149690e-02   1.3465224e-01   4.1410770e-02
   4.5582262e-01   2.4834686e-01   1.3870050e-01   8.4352460e-03   1.4869476e-01
   4.5665779e-01   4.0850753e-02   2.3889346e-01   1.3408715e-01   1.2951084e-01
   4.5859518e-01   3.5885636e-03   2.6425706e-01   2.2533568e-02   2.5102562e-01
   4.5921195e-01   1.0119279e-01   5.8581502e-02   1.1610619e-01   2.6490757e-01
   4.7144890e-01   1.4994120e-01   4.4880455e-04   3.0425797e-04   3.7785684e-01
   4.7220460e-01   3.4810832e-01   1.6355443e-01   5.1271582e-03   1.1005488e-02
   4.7237695e-01   7.7729732e-02   1.9922659e-01   2.0372976e-01   4.6936974e-02
   4.8494800e-01   1.2010139e-01   9.8593692e-03   1.9655490e-01   1.8853633e-01
   4.8545546e-01   2.2283634e-02   4.5852119e-02   1.1314885e-01   3.3325993e-01
   4.8809244e-01   2.5395989e-01   2.0333449e-01   1.4491811e-02   4.0121375e-02
   4.9050676e-01   1.5510343e-02   1.7694401e-02   4.7083167e-01   5.4568247e-03
   4.9388394e-01   1.1709634e-02   1.0653700e-01   6.9267695e-03   3.8094266e-01
   4.9676594e-01   3.0133210e-02   3.1903690e-01   4.5570368e-02   1.0849359e-01
   4.9713363e-01   1.0489641e-01   2.3979973e-01   8.0206154e-02   7.7964078e-02
   5.0206950e-01   1.5277733e-01   4.6917258e-02   2.9530677e-01   2.9291371e-03
   5.0737797e-01   4.1133756e-01   6.7606976e-02   2.2464783e-03   1.1431016e-02
   5.0821281e-01   1.2701211e-01   3.1058344e-01   6.8567859e-03   4.7334855e-02
   5.1041072e-01   1.6905325e-01   1.3105395e-01   5.9149249e-02   1.3033284e-01
   5.1062149e-01   3.8180487e-01   5.3274178e-03   9.5465373e-02   6.7808512e-03
   5.1366884e-01   5.5303951e-04   2.5629122e-01   2.2212385e-01   7.3630547e-03
   5.1534762e-01   2.9494294e-01   6.3412290e-02   1.1986121e-03   1.2509854e-01
   5.1857924e-01   2.7070871e-01   1.0281399e-01   1.0584131e-01   2.0567492e-03
   5.2210028e-01   2.6652083e-01   3.2493293e-03   1.1594771e-01   9.2181858e-02
   5.2225305e-01   2.7761576e-03   4.4740915e-01   3.1694393e-04   2.7244695e-02
   5.2268684e-01   1.6319787e-02   1.2120102e-01   1.7354531e-01   1.6624703e-01
   5.2683326e-01   1.8029726e-02   3.0356016e-01   1.2384281e-01   2.7734047e-02
   5.3016167e-01   1.7848404e-01   4.4394057e-02   2.3312566e-03   2.4462897e-01
   5.3563444e-01   5.6544687e-02   1.1542414e-01   2.5866003e-01   3.3736702e-02
   5.4205184e-01   2.7458364e-02   1.6201197e-01   6.1519423e-03   2.6232588e-01
   5.4264731e-01   1.5097023e-02   1.9992554e-01   8.4075264e-02   1.5825486e-01
   5.4490906e-01   1.2480167e-01   2.0281242e-01   7.4385429e-03   1.2003831e-01
   5.5105910e-01   7.5629330e-04   5.8484479e-02   3.8772418e-01   1.9759422e-03
   5.5438235e-01   7.7624890e-02   9.2846961e-04   2.9232777e-02   3.3783151e-01
   5.5533986e-01   1.4555531e-01   5.7184162e-03   1.7522504e-01   1.1816138e-01
   5.6206245e-01   4.3091588e-03   6.9153041e-03   2.5165409e-01   1.7505900e-01
   5.6654360e-01   1.8440466e-01   2.2220689e-01   2.2216372e-02   4.6284786e-03
   5.6875427e-01   3.8384931e-03   1.6592875e-01   1.8376744e-01   7.7711052e-02
   5.7343960e-01   1.2192763e-01   1.3881400e-01   1.5478320e-01   1.1035572e-02
   5.8044720e-01   6.3957166e-02   6.7915271e-02   1.9169674e-01   9.5983624e-02
   5.8236932e-01   1.5885016e-02   3.8150714e-02   1.0197834e-01   2.6161661e-01
   5.8263325e-01   1.2906336e-02   3.3443098e-01   9.8001272e-03   6.0229313e-02
   5.8975093e-01   7.1223409e-02   1.8759808e-01   8.3796803e-02   6.7630771e-02
   5.9832050e-01   2.0118964e-01   1.3995801e-03   5.4933520e-02   1.4415675e-01
   5.9974914e-01   3.1483921e-01   2.2933752e-02   2.8751361e-02   3.3726538e-02
   6.2128593e-01   6.2096950e-02   1.4664722e-01   1.7415208e-02   1.5255469e-01
   6.4548509e-01   3.3736692e-02   8.7229091e-02   2.0998579e-01   2.3563344e-02
   6.4754092e-01   1.9981248e-01   1.1969565e-01   5.9289113e-03   2.7022040e-02
   6.5108514e-01   5.9098497e-02   1.8030050e-02   1.3989983e-01   1.3188648e-01
   6.5562445e-01   8.9752659e-02   9.8231758e-02   1.1956768e-01   3.6823455e-02
   6.6493381e-01   1.3283861e-01   8.3695561e-03   1.7823671e-01   1.5621315e-02
   6.6788684e-01   1.6003555e-02   1.9347355e-03   2.6221053e-01   5.1964338e-02
   6.9072948e-01   5.5091185e-02   1.6413374e-01   5.1291793e-02   3.8753799e-02
