   0.0000000e+00   0.0000000e+00   0.0000000e+00   0.0000000e+00   0.0000000e+00   0.0000000e+00   1.0000000e+00
   0.0000000e+00   0.0000000e+00   0.0000000e+00   0.0000000e+00   0.0000000e+00   1.0000000e+00   0.0000000e+00
   0.0000000e+00   0.0000000e+00   0.0000000e+00   0.0000000e+00   1.0000000e+00   0.0000000e+00   0.0000000e+00
   0.0000000e+00   0.0000000e+00   0.0000000e+00   1.0000000e+00   0.0000000e+00   0.0000000e+00   0.0000000e+00
   0.0000000e+00   0.0000000e+00   1.0000000e+00   0.0000000e+00   0.0000000e+00   0.0000000e+00   0.0000000e+00
   0.0000000e+00   1.0000000e+00   0.0000000e+00   0.0000000e+00   0.0000000e+00   0.0000000e+00   0.0000000e+00
   1.5156661e-04   2.9965019e-02   6.4630319e-02   4.4550013e-01   1.9448414e-01   1.5073741e-02   2.5019508e-01
   2.6857386e-04   2.7960222e-01   3.9034595e-01   1.0899894e-01   1.8064269e-03   1.8113179e-01   3.7846106e-02
   3.9104501e-04   7.8461132e-04   1.3697622e-01   2.0616250e-01   1.3635609e-01   2.5872291e-01   2.6060662e-01
   4.2333065e-04   1.3163432e-02   1.7996709e-01   3.6367868e-01   4.0195417e-01   3.6815938e-03   3.7131713e-02
   5.6437652e-04   8.5834523e-02   2.8203836e-01   8.7888805e-02   2.6958124e-01   3.1141754e-02   2.4295094e-01
   6.1483965e-04   4.7699416e-01   1.7050837e-01   2.6474937e-01   4.1701470e-02   3.9834769e-02   5.5970225e-03
   6.5728858e-04   8.4400617e-02   3.2438454e-01   1.6446268e-01   2.3867680e-01   6.0285529e-02   1.2713255e-01
   7.2487450e-04   2.3401532e-01   1.3617357e-02   1.0452160e-01   2.0076136e-01   1.7476020e-01   2.7159930e-01
   7.7268194e-04   3.0082492e-03   1.1080640e-02   1.7747146e-01   1.7466224e-02   2.5179107e-01   5.3840967e-01
   9.3744176e-04   1.5152779e-01   3.7625855e-02   3.6240616e-01   2.8208177e-01   1.2764978e-01   3.7771205e-02
   1.1436127e-03   1.8832865e-01   2.3723857e-01   1.5047107e-03   3.0066128e-01   1.4871754e-01   1.2240564e-01
   1.6628629e-03   6.1795324e-03   4.8948234e-01   8.1572615e-03   3.2178303e-02   3.0209544e-01   1.6024425e-01
   1.7760605e-03   7.3771962e-02   2.3193263e-01   1.9390892e-01   1.5173370e-01   5.5163840e-02   2.9171288e-01
   1.8170497e-03   2.7602478e-02   4.3897225e-02   2.4723978e-02   2.7183329e-01   3.6327572e-01   2.6685026e-01
   1.8892825e-03   3.5355697e-02   1.8629427e-01   3.3486227e-01   2.7970371e-01   1.2758654e-01   3.4308228e-02
   2.0086860e-03   1.9599505e-01   1.1097139e-01   2.0688210e-01   2.2568151e-01   1.9487114e-02   2.3897414e-01
   2.0589962e-03   5.6367649e-02   4.3259925e-01   8.0685067e-02   3.8941606e-01   1.3702746e-02   2.5170234e-02
   2.3803101e-03   4.4019952e-02   1.4593331e-01   4.0480945e-01   3.0197874e-02   1.1878434e-01   2.5387476e-01
   2.4977293e-03   4.5186194e-02   3.0971844e-01   1.8142598e-01   4.1757493e-01   3.9963669e-02   3.6330609e-03
   2.8919418e-03   3.0128223e-01   3.9154961e-01   1.7343638e-01   2.8956949e-02   6.5001821e-03   9.5382706e-02
   3.0741064e-03   4.7923395e-03   3.1261116e-01   2.2192263e-01   3.1367202e-02   2.6589413e-01   1.6033844e-01
   3.1633353e-03   2.2253876e-02   2.4291888e-01   1.5027918e-01   2.0759061e-01   3.4122171e-01   3.2572405e-02
   3.3059988e-03   9.2565671e-02   1.5618800e-01   2.9045232e-01   3.0002049e-01   2.8710546e-03   1.5459646e-01
   3.4370397e-03   1.4031412e-01   5.9661856e-01   9.4153469e-02   9.9730379e-02   1.0680948e-02   5.5065483e-02
   3.6590473e-03   1.4874144e-01   2.2177459e-01   2.1245567e-01   4.4508692e-02   3.6232702e-01   6.5335387e-03
   3.7860035e-03   3.0480502e-01   1.2711771e-04   1.3906802e-01   7.2999132e-02   8.1089345e-02   3.9812537e-01
   3.9386177e-03   3.9969695e-01   9.4499309e-02   1.4561891e-02   3.4410510e-02   1.8366463e-01   2.6922809e-01
   4.1076297e-03   2.8303968e-01   1.2015339e-01   1.7366677e-01   9.3005284e-02   1.3051474e-02   3.1297578e-01
   4.3624349e-03   4.8484816e-02   3.2419941e-01   2.8617265e-01   1.6252830e-01   1.5752500e-01   1.6727383e-02
   4.5473584e-03   5.9436294e-01   1.2833760e-01   3.7497854e-02   4.2958688e-02   6.6079613e-02   1.2621595e-01
   4.7854913e-03   3.0450898e-02   2.8164333e-01   2.7430994e-02   3.3886499e-01   1.3143238e-01   1.8539192e-01
   4.8075654e-03   1.7985303e-02   7.6226325e-02   2.6263716e-01   2.1673457e-01   2.5795063e-01   1.6365844e-01
   4.8127955e-03   3.2493074e-01   5.0263247e-02   1.8260461e-01   3.8324112e-02   2.8391879e-01   1.1514571e-01
   5.1964994e-03   3.4280092e-02   5.9505287e-01   1.0852568e-01   7.7118640e-02   1.0977095e-01   7.0055270e-02
   5.2605210e-03   8.7925852e-02   2.5551102e-02   6.9388778e-02   2.0290581e-02   4.8446894e-01   3.0711423e-01
   5.3535836e-03   1.3623941e-01   1.4056400e-01   1.5639311e-03   1.4544770e-02   4.7413529e-01   2.2759902e-01
   5.7253448e-03   3.1235751e-02   3.9354861e-03   2.2080985e-01   1.6156171e-01   3.6450979e-01   2.1222206e-01
   5.8685161e-03   1.0636503e-01   3.3036802e-01   2.6386428e-01   4.0877645e-03   1.1330059e-01   1.7614580e-01
   6.0121984e-03   7.8960162e-03   3.1098590e-01   5.3009733e-02   3.0085102e-01   3.1974598e-01   1.4991590e-03
   6.6021426e-03   2.3879914e-02   3.2678560e-03   3.5553361e-01   2.6941636e-01   1.7503000e-01   1.6627011e-01
   6.9830939e-03   4.0348615e-03   2.7798052e-01   1.7682316e-03   1.8283671e-01   2.6771055e-01   2.5868603e-01
   7.2657005e-03   2.3417724e-01   3.0396388e-01   6.6328364e-02   6.7306476e-02   1.7941950e-01   1.4153883e-01
   7.2963113e-03   4.5642481e-01   6.3640049e-02   1.9416295e-01   4.0535063e-03   2.7158492e-01   2.8374544e-03
   7.4505756e-03   1.0224451e-02   1.2716860e-02   4.7779840e-01   3.1236240e-01   6.8885896e-02   1.1056141e-01
   7.6226220e-03   1.9461073e-01   3.1163300e-01   2.9290202e-01   1.4728041e-01   1.7971046e-02   2.7980172e-02
   7.9525372e-03   1.5200834e-02   4.0430889e-02   4.6020458e-01   1.1145954e-02   3.4241923e-01   1.2264597e-01
   7.9895783e-03   4.1079610e-01   7.7765937e-02   2.0865352e-03   1.3043334e-01   1.2091764e-02   3.5883675e-01
   7.9914733e-03   1.8517492e-01   1.1842790e-01   1.2770131e-01   4.5855264e-01   1.0571303e-02   9.1580454e-02
   8.5834722e-03   1.9606886e-01   2.9819300e-01   2.6896743e-02   1.8090667e-01   2.7310413e-01   1.6247135e-02
   8.8294352e-03   2.9395882e-02   3.7074762e-01   4.4148026e-01   3.3867046e-03   6.9897740e-02   7.6262355e-02
   8.8404554e-03   1.4015923e-01   8.5497031e-02   4.6671559e-03   3.4902909e-01   3.8506071e-01   2.6746336e-02
   9.5638709e-03   8.5469834e-02   5.4985044e-02   5.8600786e-02   3.7314308e-01   1.1026266e-01   3.0797473e-01
   9.5938245e-03   3.0125060e-01   2.1122056e-02   7.1529083e-04   1.8491981e-01   3.7307186e-01   1.0932656e-01
   9.9446759e-03   1.0723751e-01   3.1282318e-01   9.1923671e-02   9.7076196e-02   7.7540008e-02   3.0345476e-01
   1.0375035e-02   1.3853994e-02   4.2794349e-02   7.2516760e-02   2.1907808e-01   2.5035939e-01   3.9102239e-01
   1.0389448e-02   5.2944182e-01   2.5915488e-01   1.3165216e-02   5.5820208e-02   7.9466790e-02   5.2561640e-02
   1.0481203e-02   4.4601970e-02   4.4282462e-01   1.2775182e-01   1.3446021e-01   1.9002609e-01   4.9854084e-02
   1.0561047e-02   3.2928826e-01   1.7288599e-01   3.7486336e-01   1.0163904e-01   1.0491545e-02   2.7076785e-04
   1.1071235e-02   7.5169411e-02   3.9193642e-01   2.2381239e-02   2.8676502e-01   1.9295540e-01   1.9721270e-02
   1.1207004e-02   5.6524633e-02   6.2928134e-02   2.9605106e-01   3.5861611e-01   1.4732368e-01   6.7349374e-02
   1.1355915e-02   7.4541075e-02   4.2833978e-01   1.1547263e-01   1.2531045e-02   4.4380571e-02   3.1337899e-01
   1.1417463e-02   7.8967978e-02   2.6868846e-01   3.8090480e-01   3.1231319e-02   2.4183049e-02   2.0460693e-01
   1.1427301e-02   3.8593913e-01   1.1246328e-01   2.7983064e-01   2.4216030e-02   6.3610362e-03   1.7976259e-01
   1.1560694e-02   5.5580258e-03   1.9564251e-01   2.2454424e-02   1.5518008e-01   4.3041352e-01   1.7919075e-01
   1.1736383e-02   3.6713813e-02   5.2452603e-01   3.1026181e-01   8.1853747e-02   3.3704484e-02   1.2037316e-03
   1.1760420e-02   3.2342138e-02   2.1985712e-01   9.0351544e-02   1.8415120e-01   5.6078801e-02   4.0545878e-01
   1.1946371e-02   4.0325992e-01   1.8409005e-01   1.7346800e-02   7.8349166e-02   1.3744786e-01   1.6755984e-01
   1.1951783e-02   1.7141011e-01   3.9434048e-03   9.3089387e-02   6.7942892e-03   3.6803319e-01   3.4477784e-01
   1.2022921e-02   1.8106762e-01   7.2736491e-02   4.4505200e-01   1.3900030e-01   6.7706377e-02   8.2414287e-02
   1.2097116e-02   2.9989644e-01   1.8025569e-02   9.4184566e-02   4.3644795e-01   5.3314527e-02   8.6033839e-02
   1.2178646e-02   4.0011704e-01   4.1366126e-01   6.1378312e-02   6.4082115e-02   2.1215621e-02   2.7367008e-02
   1.2381126e-02   3.0266920e-01   3.7707109e-01   1.5144671e-04   2.9996886e-01   4.4155453e-03   3.3427259e-03
   1.2554051e-02   3.3018789e-01   4.0660205e-02   3.8220712e-01   1.0942946e-01   2.6329646e-03   1.2232832e-01
   1.2584185e-02   1.7402333e-01   3.5249869e-01   5.3455230e-02   2.5437120e-01   3.3034632e-02   1.2003274e-01
   1.2625455e-02   4.9197511e-02   3.0483179e-02   2.7058879e-01   2.2952435e-01   2.0217985e-02   3.8736273e-01
   1.2777078e-02   9.6141020e-02   1.5680519e-01   1.2907100e-01   1.8060805e-02   1.3922995e-01   4.4791496e-01
   1.2890751e-02   8.4434418e-02   2.7070577e-02   9.6680632e-04   2.2848856e-01   5.6558170e-01   8.0567193e-02
   1.2935660e-02   1.2581277e-01   3.0018749e-02   1.5890242e-01   1.7892499e-01   4.5403954e-01   3.9365860e-02
   1.3234909e-02   2.5316236e-01   1.2107218e-01   1.4251194e-01   1.2964720e-01   1.4603363e-01   1.9433778e-01
   1.3380914e-02   2.1508743e-01   1.7129824e-01   1.8073093e-01   1.0652081e-02   2.0456259e-01   2.0428781e-01
   1.3437586e-02   3.4121460e-01   1.2097443e-01   9.8077210e-03   3.0262659e-01   1.7548437e-01   3.6454703e-02
   1.3724556e-02   8.9106083e-02   1.8033214e-01   1.1711775e-02   3.0775135e-01   9.7316040e-02   3.0005806e-01
   1.4354584e-02   3.1426419e-01   1.6964617e-01   1.3018991e-03   3.1125903e-01   4.6618081e-02   1.4255604e-01
   1.4405080e-02   1.8505511e-01   2.7813497e-01   5.5357436e-02   2.3163736e-03   8.7231086e-02   3.7749994e-01
   1.4413173e-02   3.8902678e-01   2.8406812e-01   2.0766915e-01   6.3700197e-02   1.4582087e-02   2.6540493e-02
   1.4474393e-02   2.1036408e-03   3.2654227e-02   2.8410888e-01   2.7363418e-02   2.4387873e-01   3.9541671e-01
   1.4966371e-02   3.0506604e-01   4.5585022e-03   3.0780239e-01   3.4808053e-02   8.5113584e-02   2.4768506e-01
   1.5151970e-02   4.5190197e-01   6.6945363e-03   1.1312351e-02   1.6159886e-02   2.8849848e-01   2.1028081e-01
   1.5206887e-02   8.0628592e-02   9.1897577e-02   2.4341921e-01   2.8779037e-02   4.1009600e-01   1.2997270e-01
   1.5416307e-02   4.4287619e-03   1.9574759e-01   1.4343415e-01   2.4827899e-01   1.5753024e-01   2.3516396e-01
   1.5430760e-02   3.1731601e-01   2.5474680e-01   1.3522559e-01   8.8890299e-03   1.7686344e-02   2.5070547e-01
   1.5564485e-02   1.9495406e-01   2.0553177e-01   1.1024081e-02   3.0978417e-01   1.0058309e-02   2.5308313e-01
   1.5627549e-02   1.2860048e-01   4.3498898e-01   3.8293200e-02   3.5389756e-02   3.3986310e-01   7.2369405e-03
   1.6276360e-02   3.7727724e-02   1.6039703e-02   1.5073223e-01   3.5845444e-01   1.8986031e-01   2.3090924e-01
   1.6559916e-02   7.5138813e-02   2.0598144e-01   1.1901029e-01   4.3487376e-01   1.4311591e-01   5.3198651e-03
   1.6690509e-02   2.7056521e-01   6.4115013e-03   1.8236550e-01   2.6159109e-01   1.8564890e-01   7.6727294e-02
   1.6950283e-02   9.7130049e-02   4.8958676e-01   1.8400835e-03   1.6154433e-01   7.4354864e-03   2.2551302e-01
   1.7680722e-02   1.6721478e-01   1.4584685e-02   1.7248754e-03   4.8800007e-01   2.9115300e-01   1.9641875e-02
   1.7791985e-02   3.9038461e-01   1.7453674e-01   1.1224024e-01   7.6707157e-02   2.1640799e-01   1.1931270e-02
   1.7943883e-02   3.2582987e-01   5.8768049e-02   5.2357391e-02   8.5759223e-03   3.6876447e-01   1.6776042e-01
   1.7950468e-02   1.0257676e-01   6.8083438e-04   2.7914561e-01   1.9476308e-01   1.5892759e-01   2.4595566e-01
   1.8771727e-02   4.2178447e-01   1.1170336e-01   6.0254925e-03   8.1112399e-02   3.5156431e-01   9.0382387e-03
   1.9029738e-02   3.7666619e-02   1.2406553e-01   6.2385703e-03   3.7933755e-01   2.8762035e-01   1.4604164e-01
   1.9147535e-02   2.6377413e-01   1.7760940e-02   1.4937865e-01   1.7079999e-01   3.6152199e-01   1.7616767e-02
   1.9598115e-02   4.5894319e-01   4.3909700e-02   3.9444307e-01   2.4807740e-04   2.4311585e-02   5.8546266e-02
   2.0766729e-02   3.0878608e-01   1.8007736e-01   9.9612835e-02   1.2717019e-02   3.6716752e-01   1.0872456e-02
   2.1184711e-02   3.6379015e-01   2.4809719e-02   4.9598931e-02   1.8979378e-01   2.1131613e-01   1.3950659e-01
   2.1743104e-02   3.0447014e-02   9.1458674e-02   8.4081428e-02   4.9567162e-01   9.9602398e-02   1.7699576e-01
   2.1924407e-02   4.2992148e-01   1.4933927e-02   1.7656422e-01   1.1374977e-01   8.8081174e-02   1.5482502e-01
   2.1931806e-02   1.4369057e-01   2.1504555e-02   5.2680809e-02   6.1888048e-02   5.3534881e-01   1.6295540e-01
   2.2201535e-02   4.9829619e-02   1.1327782e-01   4.6677761e-01   1.9445118e-01   1.2830522e-01   2.5157029e-02
   2.2208401e-02   4.8969337e-01   1.5187231e-01   6.7286950e-02   1.1591359e-01   1.2123253e-01   3.1792844e-02
   2.2368539e-02   2.6691364e-01   2.1594417e-01   2.3324056e-01   1.2707065e-01   8.4578645e-03   1.2600457e-01
   2.2588831e-02   9.7871631e-02   1.8081770e-01   2.9049549e-01   1.1743877e-02   1.8837449e-01   2.0810798e-01
   2.2748207e-02   1.2454543e-01   2.0754060e-01   8.7437164e-03   4.5518531e-01   7.8292100e-02   1.0294464e-01
   2.2810316e-02   1.3464024e-01   1.7914142e-01   4.2772482e-01   3.5234057e-02   1.8003191e-01   2.0417232e-02
   2.2995438e-02   2.2622522e-01   2.5692490e-01   1.4630582e-01   1.1041757e-01   2.1655967e-01   2.0571375e-02
   2.3195990e-02   3.7062605e-02   3.1774161e-01   1.1598710e-02   1.1902688e-01   3.6840750e-01   1.2296670e-01
   2.3663638e-02   1.3522079e-01   3.4861610e-02   2.4508768e-02   4.1749419e-01   1.8930911e-01   1.7494190e-01
   2.3857991e-02   8.6677086e-02   1.6645063e-02   5.4628311e-01   5.9518576e-02   2.0592970e-02   2.4642521e-01
   2.3903401e-02   1.0103499e-02   3.9428290e-02   1.3307048e-02   3.9157220e-01   4.8693938e-01   3.4746180e-02
   2.3960396e-02   3.8198020e-01   1.2475248e-02   3.4297030e-01   2.1900990e-01   3.9603960e-03   1.5643564e-02
   2.4426959e-02   1.7176126e-01   1.6355767e-02   2.1377366e-01   1.6936883e-02   2.9727569e-01   2.5946977e-01
   2.5211624e-02   1.0259955e-03   1.0666190e-01   3.9780746e-02   4.9711434e-01   1.1989580e-03   3.2900644e-01
   2.5946055e-02   6.4498434e-02   1.2782537e-01   2.2554913e-01   2.7329581e-01   2.7351087e-01   9.3743302e-03
   2.6000684e-02   4.1053712e-03   3.4211427e-03   7.3896681e-02   2.1450564e-01   6.7601779e-01   2.0526856e-03
   2.6639325e-02   3.1628499e-01   2.1791655e-02   4.7688262e-02   2.9396695e-01   1.1668230e-01   1.7694652e-01
   2.7401404e-02   1.4265104e-01   4.4367887e-02   3.6565244e-01   1.0090402e-01   7.3300525e-02   2.4572268e-01
   2.7483150e-02   4.5434093e-02   8.5552527e-02   3.9952327e-01   1.3241043e-02   6.6631111e-03   4.2210281e-01
   2.7563413e-02   2.5402885e-01   2.8988151e-02   3.2440161e-02   3.2136101e-01   2.0731983e-02   3.1488644e-01
   2.7721425e-02   6.2980606e-02   2.2705536e-01   1.4675775e-01   2.2771998e-01   2.0138711e-01   1.0637776e-01
   2.8549182e-02   1.2976901e-02   5.0843499e-01   1.8167662e-03   1.0251752e-01   1.2613548e-01   2.1956917e-01
   2.8575440e-02   1.3679583e-01   2.8577640e-01   4.2180296e-04   7.9852091e-03   2.2267963e-01   3.1776569e-01
   2.9143143e-02   2.4492443e-01   5.8897090e-03   2.7299559e-01   1.3769144e-01   2.0384282e-01   1.0551287e-01
   2.9329064e-02   1.6230129e-02   3.4443025e-01   1.3158734e-01   1.1295368e-01   2.9978673e-01   6.5682810e-02
   2.9564643e-02   2.4896119e-02   3.8026189e-01   2.4216343e-03   5.0231260e-02   1.3700178e-01   3.7562267e-01
   2.9710220e-02   1.1493417e-02   8.3011005e-02   1.8241118e-01   3.4727297e-01   6.0714910e-02   2.8538630e-01
   2.9932378e-02   2.6333407e-01   1.3729556e-01   1.5726533e-01   1.1049201e-01   2.9887968e-01   2.8009749e-03
   3.0089220e-02   1.1811354e-01   2.6389280e-01   1.9827981e-01   1.9426204e-02   5.2720666e-03   3.6492636e-01
   3.0272109e-02   1.7687075e-02   3.2312925e-02   5.0408163e-01   8.1972789e-02   1.3027211e-01   2.0340136e-01
   3.0736200e-02   1.4710733e-01   2.2492950e-01   2.0692060e-01   1.5579799e-01   9.2936722e-02   1.4157166e-01
   3.0764583e-02   4.8827336e-02   2.4688212e-01   4.3309994e-01   1.0385220e-01   6.7283293e-02   6.9290525e-02
   3.0916745e-02   2.5976063e-02   9.1171606e-02   2.5307343e-01   1.1887428e-01   4.4865476e-01   3.1333121e-02
   3.1163040e-02   1.7432261e-01   3.0114639e-01   2.6510313e-01   5.8730374e-02   2.3957835e-03   1.6713867e-01
   3.1201799e-02   2.2816039e-01   8.5440402e-02   3.5431967e-01   2.7720070e-01   5.1995472e-03   1.8477489e-02
   3.1900004e-02   1.6474735e-01   1.0865401e-02   3.2545395e-01   1.0792543e-01   3.1739773e-01   4.1710143e-02
   3.2041321e-02   1.8619152e-01   3.2594545e-01   3.9556634e-01   1.6209662e-02   2.1115105e-02   2.2930609e-02
   3.2326791e-02   4.7795101e-02   9.4570643e-02   2.1659278e-01   4.4989695e-01   5.3171217e-03   1.5350062e-01
   3.2674291e-02   1.1413338e-01   4.8073939e-03   3.3629826e-01   4.9206953e-02   2.1517510e-01   2.4770462e-01
   3.3698780e-02   1.1721055e-01   3.9032954e-03   3.4847481e-01   5.6496360e-03   3.9470253e-01   9.6360397e-02
   3.3737846e-02   1.7303858e-01   1.1971337e-01   4.4921469e-02   1.4972015e-01   1.6602802e-01   3.1284056e-01
   3.3795334e-02   1.5173393e-01   4.6315810e-01   1.8374670e-01   3.7863997e-02   1.8415776e-02   1.1128616e-01
   3.4112672e-02   3.5942557e-03   2.0773864e-01   4.5899294e-02   3.4220552e-01   1.0644576e-02   3.5580505e-01
   3.4842921e-02   3.8344357e-02   1.7271458e-02   1.4396679e-01   5.1103189e-02   3.4219381e-01   3.7227748e-01
   3.4905612e-02   4.6140946e-03   2.0977334e-01   1.9280841e-01   3.5571843e-01   2.0614688e-02   1.8156542e-01
   3.5816604e-02   3.2906599e-01   7.8050427e-03   2.3084525e-01   1.9307204e-01   3.2356120e-02   1.7103896e-01
   3.6446469e-02   9.9721589e-02   3.0852949e-01   2.8347254e-02   2.6828651e-02   4.9228044e-01   7.8461149e-03
   3.6720246e-02   1.3042339e-01   1.2691665e-02   3.5167683e-02   2.1319464e-01   5.3920568e-02   5.1788181e-01
   3.6823179e-02   2.8655365e-01   5.2345342e-03   2.6650964e-01   3.5608211e-01   4.3614578e-02   5.1823070e-03
   3.7037037e-02   6.2518519e-02   1.4785185e-01   4.8977778e-01   9.4814815e-03   1.2740741e-01   1.2592593e-01
   3.7387057e-02   2.2262947e-01   5.4798297e-02   9.5954042e-03   5.6416924e-01   8.4582827e-02   2.6837710e-02
   3.8248327e-02   4.6718822e-02   1.6593927e-01   2.9598788e-01   1.7554323e-01   8.3251646e-02   1.9431083e-01
   3.8440704e-02   9.6347708e-02   3.2372309e-02   1.3924964e-01   2.6967308e-01   2.9085729e-02   3.9483083e-01
   3.9273649e-02   3.6739865e-02   5.1942568e-02   2.3521959e-01   5.0675676e-03   6.2162162e-01   1.0135135e-02
   3.9303266e-02   7.7899724e-03   2.0502311e-01   3.0196145e-01   4.0953091e-02   1.7931513e-02   3.8703760e-01
   3.9380245e-02   6.3589413e-02   6.4105875e-01   6.9722402e-02   3.2601679e-02   3.2278890e-04   1.5332473e-01
   4.0355464e-02   1.5627419e-01   4.3904427e-01   2.1837949e-02   2.6454233e-01   6.2934598e-02   1.5011200e-02
   4.1210271e-02   3.3444091e-01   3.2873315e-01   2.4460467e-02   5.6261223e-03   1.1758634e-01   1.4794273e-01
   4.1897642e-02   1.0155420e-01   9.6099126e-02   1.9095857e-01   2.9623305e-01   1.0797346e-01   1.6528395e-01
   4.2729701e-02   1.3773063e-01   3.5508006e-01   1.4247334e-01   9.9378739e-02   4.9056403e-02   1.7355112e-01
   4.2736333e-02   9.1676603e-02   3.8752572e-02   1.2998699e-01   2.7344636e-01   2.7019149e-01   1.5320965e-01
   4.2944785e-02   2.4205243e-01   5.1756832e-01   3.9319576e-02   9.7601785e-02   1.4779699e-02   4.5733408e-02
   4.3148688e-02   1.4868805e-02   5.5393586e-02   2.9446064e-02   3.7580175e-01   2.5655977e-02   4.5568513e-01
   4.4390446e-02   2.9282107e-01   6.2339029e-02   4.4049702e-02   7.3114517e-03   7.0254650e-02   4.7883365e-01
   4.5092386e-02   1.4626989e-01   3.0490817e-01   2.1087870e-02   1.2424100e-02   2.8865371e-01   1.8156387e-01
   4.5108029e-02   2.1078182e-02   2.3685569e-01   2.1249064e-02   1.7138979e-02   7.1556556e-02   5.8701350e-01
   4.5702361e-02   1.1728075e-01   9.8963381e-03   4.5720915e-01   1.1790854e-01   2.3259149e-01   1.9411367e-02
   4.6228631e-02   1.3954585e-01   3.7483710e-02   2.2852469e-01   3.0188933e-04   2.6284176e-02   5.2163105e-01
   4.6466483e-02   2.2743664e-01   1.9857798e-01   2.7172167e-02   1.7492694e-01   5.1197783e-03   3.2030001e-01
   4.7188082e-02   2.5493241e-01   2.1344756e-02   9.1202953e-02   3.4415149e-02   2.4558610e-01   3.0533055e-01
   4.8531301e-02   1.2908396e-02   2.9221760e-01   4.3196767e-03   3.8631304e-01   1.9896671e-01   5.6743273e-02
   4.8944226e-02   5.2002904e-03   2.1949653e-01   1.5446374e-01   8.0628233e-03   3.9711790e-01   1.6671449e-01
   4.9127837e-02   7.5513639e-02   1.2056462e-01   8.1058813e-02   2.0360261e-01   3.6294986e-01   1.0718263e-01
   4.9808276e-02   1.4355288e-01   2.1524090e-02   6.0162788e-02   7.8178780e-02   6.1213433e-01   3.4638851e-02
   5.0481230e-02   5.9728030e-02   2.7580252e-02   3.8217431e-01   4.1758169e-01   2.3447125e-02   3.9007372e-02
   5.0800764e-02   7.5921748e-02   1.1931289e-01   1.2968399e-01   5.3161739e-02   5.4252190e-01   2.8596970e-02
   5.2285878e-02   2.3433558e-01   1.4420910e-03   4.0784275e-01   1.4650537e-02   2.5148743e-01   3.7955732e-02
   5.2828355e-02   2.3958914e-02   1.9095491e-01   2.4755687e-02   1.9016832e-02   2.8366864e-01   4.0481667e-01
   5.4509110e-02   3.6899862e-02   3.9273273e-03   1.9330236e-01   4.3300345e-01   1.7758744e-01   1.0077046e-01
   5.6043258e-02   4.7293248e-01   3.4863310e-02   4.4297930e-02   2.2427258e-01   1.3723274e-01   3.0357702e-02
   5.6899394e-02   3.0987904e-02   5.2067979e-02   6.3823309e-02   1.4484977e-01   4.4010366e-01   2.1126799e-01
   5.8038700e-02   2.1739066e-01   2.3561247e-01   1.2861542e-01   2.5676838e-01   1.0262981e-02   9.3311393e-02
   5.8778334e-02   1.3358104e-01   2.7660137e-02   1.6027864e-03   6.3581090e-01   2.1170891e-02   1.2139590e-01
   6.0048038e-02   2.8396050e-01   2.1350414e-03   3.5495063e-02   4.8038431e-02   5.2095009e-01   4.9372832e-02
   6.1371358e-02   2.4992052e-01   1.5664245e-01   3.1723263e-02   2.0922790e-01   1.0138894e-01   1.8972557e-01
   6.2591606e-02   4.7945376e-01   4.2570224e-02   1.3554141e-02   1.2681875e-02   7.8983999e-03   3.8125000e-01
   6.3626722e-02   4.4687718e-01   1.0837409e-02   1.9202192e-01   1.6484108e-01   1.1582225e-01   5.9734428e-03
   6.4954807e-02   3.1340091e-01   1.6073202e-01   9.2947480e-03   7.1244397e-02   7.9594374e-02   3.0077874e-01
   6.7329781e-02   1.5334547e-02   8.0027379e-03   3.1236786e-01   9.1193672e-02   1.4370717e-02   4.9140069e-01
   6.7514785e-02   5.3020819e-01   2.4057661e-01   1.1730277e-01   1.9015547e-02   1.9330483e-02   6.0516086e-03
   6.8329230e-02   3.9647002e-01   6.6378754e-02   4.7241195e-02   3.6535794e-01   5.5027105e-02   1.1957571e-03
   6.8442631e-02   4.6773136e-03   3.8683881e-01   5.9671639e-02   9.4693704e-02   5.6568692e-03   3.8001903e-01
   6.8756320e-02   4.2804179e-02   2.0222447e-03   5.8746208e-01   2.1233569e-02   2.2042467e-01   5.7296933e-02
   6.9323279e-02   6.9227581e-02   1.6166958e-02   1.4415816e-01   4.0835441e-01   2.9123783e-01   1.5317814e-03
   6.9495277e-02   4.5891148e-01   2.8248899e-02   1.3563126e-02   2.6274964e-01   1.3393046e-02   1.5363853e-01
   6.9726084e-02   5.6401187e-03   8.5953768e-02   7.0921426e-03   2.4912205e-02   5.5478120e-01   2.5189449e-01
   7.0213613e-02   1.1795517e-01   8.4858258e-02   1.9915453e-01   1.4206046e-01   2.7133746e-02   3.5862422e-01
   7.0417423e-02   6.0617060e-02   1.1615245e-01   1.0417423e-01   1.7422868e-02   1.7059891e-02   6.1415608e-01
   7.0454723e-02   3.8749770e-02   2.2400571e-01   2.6659109e-03   2.4951976e-01   3.8377632e-01   3.0827805e-02
   7.0469612e-02   1.0988411e-01   1.1871671e-02   4.1599174e-01   1.7407663e-02   2.4167210e-01   1.3270311e-01
   7.1783643e-02   4.9596189e-01   1.8658911e-01   2.0569964e-02   2.1138819e-01   3.0675536e-03   1.0639656e-02
   7.2365069e-02   1.6177849e-01   1.3976735e-01   2.2095395e-01   6.2107500e-02   1.0594515e-01   2.3708249e-01
   7.2480664e-02   7.7320250e-02   2.0166494e-02   2.4441474e-01   4.9168582e-01   7.1632700e-02   2.2299328e-02
   7.3323759e-02   2.3934795e-02   1.9958470e-01   1.7849819e-01   2.7969264e-02   1.9641197e-01   3.0027732e-01
   7.3757594e-02   3.1672552e-01   8.0127793e-03   4.6049771e-03   2.5784609e-01   3.3561445e-01   3.4385862e-03
   7.4656085e-02   6.2128547e-01   1.5704300e-02   5.9296190e-02   1.5061220e-01   3.4005947e-02   4.4439806e-02
   7.6114612e-02   6.0162924e-02   6.5504816e-01   1.5629629e-03   1.1799032e-01   5.0894654e-02   3.8226362e-02
   7.7004982e-02   1.1821822e-02   3.5341149e-01   2.7728201e-01   2.5942533e-01   4.5271852e-03   1.6527188e-02
   7.8223593e-02   4.2417713e-03   1.5534072e-02   3.5130523e-01   3.4963752e-01   1.8810807e-02   1.8224701e-01
   7.8562102e-02   2.0293352e-02   6.3481183e-02   1.2100807e-01   2.0976161e-03   5.5496126e-01   1.5959642e-01
   7.9716834e-02   2.2350388e-01   3.0015341e-02   3.1973220e-02   2.5081375e-01   2.6334113e-01   1.2063585e-01
   7.9900898e-02   8.9811087e-02   6.1938681e-04   5.4939610e-01   1.3347786e-01   4.1498916e-02   1.0529576e-01
   7.9931554e-02   1.2922722e-02   3.1143601e-01   5.4132805e-02   2.4317436e-01   1.8777955e-01   1.1062299e-01
   8.0296934e-02   6.1492384e-02   1.7511166e-01   3.4679351e-01   1.2030260e-01   2.0998346e-01   6.0194540e-03
   8.0559139e-02   1.9799578e-01   5.8922002e-02   3.1780347e-01   1.0313435e-02   1.8725100e-01   1.4715518e-01
   8.3908577e-02   2.3992292e-01   1.4741043e-01   6.8445229e-02   3.2600640e-01   9.4341688e-02   3.9964760e-02
   8.4894447e-02   3.6959198e-01   4.0698344e-02   4.5365631e-02   1.3777901e-01   7.0747085e-02   2.5092351e-01
   8.5496183e-02   1.7862595e-01   4.7297710e-01   6.1068702e-03   3.3587786e-02   3.1755725e-02   1.9145038e-01
   8.7239872e-02   2.3091742e-01   2.6246534e-01   7.9296878e-03   6.6401947e-02   1.0252225e-01   2.4252347e-01
   8.7660992e-02   1.7949274e-01   3.1379950e-01   1.8605788e-02   1.8686545e-01   1.3378699e-01   7.9788538e-02
   8.7907309e-02   7.3169664e-02   4.0253536e-01   1.2743702e-01   2.2773557e-01   3.4796592e-02   4.6418482e-02
   8.9028042e-02   9.0389328e-02   5.2518377e-01   1.5790907e-02   2.0147019e-01   2.9948271e-03   7.5142935e-02
   9.0957804e-02   1.7263399e-01   1.4871771e-03   2.4915824e-02   2.9366666e-01   1.8301360e-01   2.3332495e-01
   9.1512497e-02   1.1908243e-02   4.2602596e-02   5.0622683e-02   5.8537201e-02   1.9744096e-01   5.4737582e-01
   9.2127946e-02   6.7123411e-02   1.8074816e-01   2.1494121e-01   1.0749333e-01   1.8652208e-01   1.5104385e-01
   9.2145684e-02   1.8529645e-01   1.3433310e-02   2.3410249e-02   1.2440294e-01   2.9134886e-01   2.6996251e-01
   9.2188723e-02   8.4537920e-04   1.1483080e-01   2.4782350e-01   1.0793534e-01   1.5349534e-01   2.8288092e-01
   9.2338808e-02   1.5521055e-03   1.8443065e-01   3.7178713e-01   1.9315919e-02   1.8102524e-01   1.4955015e-01
   9.3041165e-02   1.7368292e-01   9.3003102e-03   3.0583518e-01   3.6355916e-01   2.4380611e-03   5.2143199e-02
   9.3197605e-02   9.1493288e-03   2.9509096e-01   2.9139423e-01   4.7106477e-03   3.0298494e-01   3.4722952e-03
   9.3509408e-02   4.1281370e-01   7.6066298e-03   1.5355103e-01   6.4241274e-03   8.6479192e-02   2.3961591e-01
   9.4225970e-02   2.2612586e-02   5.0081306e-02   1.3774381e-01   2.3473500e-01   1.5639281e-01   3.0420851e-01
   9.5249712e-02   1.2356822e-01   2.4327518e-01   9.8050784e-02   8.0531902e-02   3.5769335e-01   1.6308556e-03
   9.5316716e-02   3.2440313e-01   4.2178326e-02   2.9183141e-01   6.2317366e-02   1.6952756e-01   1.4425487e-02
   9.5527641e-02   1.3614605e-01   1.8619336e-01   6.2354322e-02   1.0332379e-01   2.9708736e-01   1.1936748e-01
   9.7408700e-02   1.4718324e-02   1.2629203e-01   3.0976387e-01   1.5979448e-01   4.1475537e-03   2.8787505e-01
   1.0193809e-01   2.8798990e-01   3.8850527e-01   1.6175136e-02   9.1946315e-02   1.0232302e-01   1.1122259e-02
   1.0198092e-01   4.4900954e-01   1.1249694e-02   8.8041086e-03   9.7089753e-02   2.5825385e-01   7.3612130e-02
   1.0214211e-01   5.2246604e-03   4.3991641e-01   2.1212121e-01   1.4054336e-01   6.2957158e-02   3.7095089e-02
   1.0316632e-01   1.6423824e-01   6.4972091e-03   1.5415465e-01   9.1997295e-02   3.3701729e-01   1.4292900e-01
   1.0355149e-01   3.3727529e-01   1.9883776e-01   7.8219338e-02   1.2667507e-01   1.7321725e-02   1.3811932e-01
   1.0437465e-01   2.8037424e-01   3.5975683e-02   1.6937092e-01   5.7533263e-02   1.6122671e-01   1.9114453e-01
   1.0447043e-01   1.7718142e-03   1.5391502e-01   2.2768475e-01   1.8393008e-01   3.2484655e-01   3.3813467e-03
   1.0447090e-01   1.2335307e-01   2.7330687e-01   3.4685751e-01   4.4888044e-03   1.1693570e-01   3.0587149e-02
   1.0512343e-01   1.8785601e-01   1.0522232e-01   6.4923613e-02   1.9783404e-03   3.9950221e-01   1.3539408e-01
   1.0644643e-01   1.8261976e-01   2.9607702e-01   1.4986045e-01   3.7813556e-03   2.5285344e-01   8.3615465e-03
   1.0682369e-01   5.4789750e-01   3.6751847e-02   1.5742467e-01   3.3096741e-02   2.2651975e-02   9.5353575e-02
   1.0780503e-01   2.2839489e-01   3.7285376e-02   6.6063681e-03   4.0693463e-01   2.0825712e-01   4.7165940e-03
   1.0834233e-01   9.8968742e-02   1.5536514e-01   1.0481974e-01   3.5183846e-01   7.0771457e-02   1.0989412e-01
   1.1027208e-01   2.5437060e-02   3.9387677e-03   3.1447046e-03   6.8672247e-02   3.4274890e-01   4.4578624e-01
   1.1079329e-01   3.7138734e-02   3.9627702e-01   1.3032109e-02   1.1737537e-01   2.1688040e-01   1.0850308e-01
   1.1099626e-01   1.8562942e-02   3.3889580e-01   1.6682821e-01   9.7583905e-02   1.7166133e-01   9.5471555e-02
   1.1237272e-01   1.0520560e-01   1.8311343e-02   1.4639495e-01   1.1575388e-01   2.4557462e-03   4.9950575e-01
   1.1305528e-01   1.3630745e-01   6.2794526e-02   3.9503385e-02   4.1565008e-01   4.2185292e-02   1.9050398e-01
   1.1357543e-01   4.8184255e-01   1.0333902e-01   4.5820132e-02   1.1698757e-02   1.0991957e-01   1.3380453e-01
   1.1373476e-01   4.5520147e-02   1.0454431e-01   1.0142428e-01   4.1949585e-02   2.8802268e-01   3.0480424e-01
   1.1380567e-01   2.5137083e-01   1.3977147e-01   1.0107210e-01   4.1914376e-02   2.1058788e-01   1.4147767e-01
   1.1733126e-01   2.2569682e-01   2.1328909e-02   4.0230311e-01   2.0501100e-02   1.6378078e-02   1.9646072e-01
   1.1971157e-01   1.1512816e-01   1.8149837e-01   3.1098313e-01   2.3521172e-01   2.8419136e-02   9.0479127e-03
   1.1982913e-01   5.2279173e-01   5.6551050e-02   6.0741054e-02   8.9763096e-02   1.4921059e-01   1.1133565e-03
   1.2055308e-01   1.2459135e-02   8.7734323e-02   2.4410059e-01   5.3091948e-02   5.9550195e-02   4.2251074e-01
   1.2131039e-01   8.6630321e-02   4.6152508e-01   3.7752138e-02   1.1592802e-02   2.3927336e-01   4.1915908e-02
   1.2159359e-01   1.9223126e-01   1.5077256e-02   3.2879765e-01   2.0648012e-01   2.0770666e-02   1.1504946e-01
   1.2305918e-01   1.4993673e-01   1.7824375e-01   1.0427390e-03   3.8915968e-01   1.3724469e-01   2.1313231e-02
   1.2388010e-01   2.4912083e-01   9.1470672e-02   4.9418230e-02   1.0201217e-01   1.4147226e-01   2.4262575e-01
   1.2401923e-01   2.9819934e-02   4.5227055e-01   7.3651429e-02   1.6128304e-02   6.5233842e-02   2.3887670e-01
   1.2421262e-01   1.5368324e-01   6.5490330e-02   1.3634047e-01   2.0065580e-01   1.3641099e-01   1.8320655e-01
   1.2714822e-01   8.8483255e-03   9.2527048e-02   4.0717286e-01   1.1170808e-01   1.2057071e-01   1.3202477e-01
   1.2755073e-01   1.3463644e-01   1.7956361e-02   4.4978656e-01   1.8370063e-01   8.1570291e-02   4.7989809e-03
   1.2916641e-01   9.2914955e-03   3.5460524e-01   3.1858247e-01   5.6101479e-02   3.6869877e-05   1.3221604e-01
   1.3059056e-01   4.4019947e-02   1.5558803e-01   3.6972885e-01   4.5082558e-03   1.4117296e-02   2.8144705e-01
   1.3074912e-01   4.5981359e-02   5.1271713e-02   3.1984724e-01   1.8706006e-01   7.3602067e-02   1.9148844e-01
   1.3445863e-01   3.9955188e-01   1.3942650e-02   2.1697021e-02   3.9409033e-02   1.7962978e-01   2.1131101e-01
   1.3452254e-01   1.5180167e-02   1.8004927e-01   3.1000018e-02   3.7206303e-01   1.8236664e-01   8.4818335e-02
   1.3653027e-01   2.2877715e-01   1.1345466e-01   5.4112258e-03   4.7129709e-01   3.6673773e-02   7.8558333e-03
   1.3663067e-01   3.3634164e-01   2.2272287e-01   1.9439164e-01   5.1951329e-02   5.5347038e-02   2.6148212e-03
   1.3723537e-01   3.3026152e-01   8.7173101e-03   4.3661270e-01   9.7135741e-03   5.8530511e-02   1.8929016e-02
   1.3723949e-01   4.1012198e-01   3.3254404e-02   1.0671136e-01   1.2298373e-02   2.9660858e-01   3.7658096e-03
   1.3771086e-01   2.9761244e-01   1.6843033e-01   1.4199835e-01   1.5654489e-02   6.0246817e-02   1.7834672e-01
   1.3777189e-01   2.7644091e-03   3.6766162e-02   8.3603252e-02   4.5989888e-01   1.9571871e-01   8.3476703e-02
   1.3853761e-01   2.0217560e-01   2.0621320e-02   2.7636239e-01   2.8593880e-02   7.9002475e-02   2.5470674e-01
   1.3856604e-01   2.2523200e-01   2.2448402e-01   9.2426516e-03   3.8361128e-01   8.1305382e-04   1.8050962e-02
   1.3879881e-01   1.4072264e-01   5.4078162e-02   5.4688372e-02   3.2399942e-01   2.6964292e-01   1.8069677e-02
   1.3896905e-01   1.6269004e-01   3.2220874e-01   4.6943996e-02   4.8509841e-04   1.0815102e-02   3.1788797e-01
   1.4101470e-01   2.7380018e-02   3.5791514e-02   1.5203350e-01   4.5651706e-01   5.5989564e-02   1.3127364e-01
   1.4161749e-01   1.4578271e-02   3.4710170e-04   4.7865325e-01   1.6036099e-01   1.9055883e-01   1.3884068e-02
   1.4189905e-01   2.1493765e-01   2.8529021e-01   1.7592264e-01   1.5867417e-01   1.9065271e-02   4.2109938e-03
   1.4221725e-01   2.2383127e-02   1.0726673e-01   8.2468806e-02   2.8156602e-01   7.1141574e-05   3.6402692e-01
   1.4255349e-01   3.3900449e-01   1.4311845e-03   1.9452665e-02   3.0143326e-01   1.7531213e-02   1.7859370e-01
   1.4375545e-01   2.8669269e-02   8.2226492e-02   1.0257015e-01   9.8373771e-02   1.0857262e-01   4.3583226e-01
   1.4518918e-01   2.4313299e-01   2.6246136e-01   7.0167158e-03   1.7785900e-01   1.8468298e-02   1.4587245e-01
   1.4522230e-01   1.1572680e-01   1.4821627e-01   1.3225655e-01   2.6092860e-01   1.8042999e-01   1.7219490e-02
   1.4555293e-01   1.1149220e-01   3.4782294e-01   5.1683802e-02   1.5857554e-01   2.0359545e-02   1.6451304e-01
   1.4761841e-01   5.4413778e-02   2.6381935e-01   7.6835087e-02   5.8643374e-03   3.5224083e-01   9.9208207e-02
   1.4781851e-01   7.0963782e-02   2.7232161e-03   1.6366022e-01   1.5670485e-01   2.2039090e-01   2.3773852e-01
   1.4824220e-01   3.3436649e-01   6.4499604e-03   1.4506111e-01   3.2561902e-01   1.8640807e-02   2.1620407e-02
   1.4846288e-01   7.9980005e-03   4.8737816e-01   2.6243439e-02   1.6620845e-01   1.2371907e-01   3.9990002e-02
   1.5064505e-01   5.6049089e-02   3.0507395e-01   1.7654022e-02   2.1287730e-03   3.2009298e-02   4.3643981e-01
   1.5214957e-01   1.8702704e-01   1.8865750e-02   3.0977208e-02   9.8552777e-02   4.6970441e-01   4.2723252e-02
   1.5233881e-01   1.4854614e-02   2.3072061e-02   1.6845765e-01   6.0714286e-01   1.6118837e-02   1.8015171e-02
   1.5516708e-01   5.3918769e-04   2.3740652e-01   1.0921021e-01   8.1640282e-02   4.2859813e-03   4.1175074e-01
   1.5563089e-01   1.5191950e-01   2.3884115e-01   1.4602584e-01   1.0854044e-01   1.4980152e-01   4.9240662e-02
   1.5721750e-01   2.3761353e-01   8.5759573e-02   3.9084675e-01   7.4013527e-02   2.1053973e-03   5.2443719e-02
   1.5888688e-01   1.0526829e-01   7.1170706e-03   3.7179910e-02   1.6930590e-01   1.8341568e-01   3.3882628e-01
   1.5980492e-01   2.1399650e-02   3.3070339e-01   2.2691640e-03   1.1043636e-01   6.2051134e-02   3.1333539e-01
   1.5993289e-01   2.1444377e-02   7.4348951e-02   3.0728169e-01   1.2245561e-01   2.7273784e-01   4.1798639e-02
   1.6010822e-01   1.5657755e-01   2.1947738e-02   1.1259472e-02   2.1113533e-01   3.6347558e-03   4.3533693e-01
   1.6215634e-01   1.2875249e-02   2.6225487e-01   2.7925251e-02   1.3835196e-01   2.5272099e-01   1.4371534e-01
   1.6239508e-01   3.3223967e-01   2.4860246e-01   1.7827599e-02   1.9634690e-01   1.7823303e-02   2.4764985e-02
   1.6291893e-01   8.2414380e-03   1.7931642e-01   2.1169640e-01   3.8654860e-01   7.8019819e-03   4.3476225e-02
   1.6582059e-01   2.2379712e-01   2.3645657e-01   3.2623699e-01   4.7623500e-03   3.4644672e-02   8.2817119e-03
   1.6656799e-01   2.5454401e-01   1.4377614e-01   2.6696379e-01   3.6504232e-03   6.0696232e-02   1.0380141e-01
   1.6709490e-01   2.8819064e-02   5.5405522e-02   3.3416836e-01   3.1481821e-01   9.5721441e-02   3.9725137e-03
   1.6807701e-01   4.0901649e-01   1.6626478e-02   5.4599931e-02   1.5398585e-01   1.5957569e-01   3.8118548e-02
   1.6989874e-01   2.5000412e-01   4.0430630e-01   2.9424803e-02   3.0423130e-03   5.2379450e-02   9.0944276e-02
   1.7034911e-01   1.4910982e-01   2.0808405e-01   1.1780153e-01   2.9937046e-01   4.1969847e-02   1.3315188e-02
   1.7242653e-01   1.8625524e-01   1.0649204e-02   1.4726106e-02   3.6666980e-02   8.4674257e-02   4.9460168e-01
   1.7282601e-01   2.1495423e-01   4.6509148e-02   2.8746585e-01   1.4595738e-01   1.2491527e-01   7.3721063e-03
   1.7365842e-01   1.5153526e-01   1.5646289e-02   2.1796199e-01   8.4148839e-02   3.5614216e-01   9.0704081e-04
   1.7410028e-01   2.4770192e-01   8.6028686e-02   1.0175934e-01   1.6436131e-01   1.7058336e-01   5.5465104e-02
   1.7483407e-01   2.1269596e-02   1.6870802e-01   4.0327084e-01   2.0446247e-01   9.2372188e-03   1.8217789e-02
   1.7569580e-01   2.6317325e-02   7.4491631e-02   4.6726374e-02   1.1743401e-01   5.3197475e-01   2.7360120e-02
   1.7622139e-01   1.2974510e-01   8.5496212e-02   1.9826259e-01   2.3012318e-02   4.7195266e-03   3.8254286e-01
   1.8066730e-01   6.5592533e-03   3.4714071e-01   1.0315223e-01   1.5921248e-02   1.5388496e-02   3.3117077e-01
   1.8257157e-01   1.9889503e-01   4.3571070e-01   3.4404822e-02   1.2481165e-01   1.9839277e-02   3.7669513e-03
   1.8505624e-01   6.0961061e-03   2.8067644e-02   2.0448246e-01   2.8922102e-01   2.6563937e-01   2.1437148e-02
   1.8546215e-01   5.1717502e-02   2.2732960e-01   5.5829431e-02   2.6393538e-01   5.0964605e-02   1.6476134e-01
   1.8754282e-01   2.6130112e-01   1.2465566e-01   1.1236917e-01   5.2567236e-03   9.7622165e-03   2.9911228e-01
   1.8809057e-01   3.2471685e-01   1.5643565e-02   1.4974103e-02   5.0474083e-02   1.3216425e-02   3.9288441e-01
   1.8840753e-01   6.1525398e-02   1.7305937e-01   5.8692014e-02   5.2609562e-02   1.7010336e-01   2.9560277e-01
   1.9060578e-01   2.6420796e-01   1.5464110e-01   1.1861523e-01   1.2022263e-02   2.3541893e-01   2.4488739e-02
   1.9075698e-01   1.3784665e-01   1.5353518e-01   1.8830789e-01   1.4811169e-01   1.9333003e-03   1.7950831e-01
   1.9159966e-01   5.9944854e-03   5.5001378e-01   5.1317352e-02   7.2906265e-03   6.8433062e-02   1.2535104e-01
   1.9258877e-01   5.7137949e-02   7.4702183e-03   2.4976295e-01   1.3721591e-02   4.5721068e-01   2.2107845e-02
   1.9394733e-01   9.3381439e-02   1.0884923e-01   6.1101702e-02   1.7950692e-01   2.0385422e-01   1.5935916e-01
   1.9476527e-01   1.3567904e-01   1.0425087e-02   8.3093066e-02   6.0202591e-03   3.2169747e-01   2.4831980e-01
   1.9478238e-01   3.6718737e-02   1.7612968e-01   4.9248349e-01   1.4726432e-02   3.7787065e-02   4.7372224e-02
