   0.0000000e+00   0.0000000e+00   0.0000000e+00   0.0000000e+00   0.0000000e+00   0.0000000e+00   1.0000000e+00
   0.0000000e+00   0.0000000e+00   0.0000000e+00   0.0000000e+00   0.0000000e+00   1.0000000e+00   0.0000000e+00
   0.0000000e+00   0.0000000e+00   0.0000000e+00   0.0000000e+00   1.0000000e+00   0.0000000e+00   0.0000000e+00
   0.0000000e+00   0.0000000e+00   0.0000000e+00   1.0000000e+00   0.0000000e+00   0.0000000e+00   0.0000000e+00
   0.0000000e+00   0.0000000e+00   1.0000000e+00   0.0000000e+00   0.0000000e+00   0.0000000e+00   0.0000000e+00
   0.0000000e+00   1.0000000e+00   0.0000000e+00   0.0000000e+00   0.0000000e+00   0.0000000e+00   0.0000000e+00
   7.5665201e-04   1.1111994e-02   1.6882394e-01   3.5898852e-01   1.6905771e-01   2.7004612e-02   2.6425657e-01
   8.9430179e-04   5.7223377e-02   4.1482656e-03   3.5965649e-01   1.3231063e-01   2.9044730e-02   4.1672221e-01
   1.2222241e-03   1.1489615e-01   3.5046070e-02   2.4399012e-01   3.6651545e-01   1.1138208e-01   1.2694791e-01
   1.2627460e-03   3.3830762e-02   1.6260979e-01   2.4885575e-01   1.2726302e-02   6.2602460e-02   4.7811219e-01
   1.6650264e-03   1.0789962e-01   3.8412209e-01   5.7704743e-03   9.2789494e-02   7.8551736e-02   3.2920156e-01
   2.2412351e-03   4.6751363e-03   2.2642126e-01   2.3069775e-01   1.7156224e-01   1.3483449e-01   2.2956788e-01
   2.4977293e-03   4.5186194e-02   3.0971844e-01   1.8142598e-01   4.1757493e-01   3.9963669e-02   3.6330609e-03
   3.0339026e-03   1.5001965e-01   2.8629513e-03   1.4185047e-01   2.8903167e-01   2.6856362e-01   1.4463773e-01
   3.1908105e-03   2.2208041e-01   3.4907466e-01   3.9119336e-01   6.5943416e-03   1.6166773e-02   1.1699638e-02
   3.2600704e-03   1.7282531e-01   4.6615680e-01   1.2595227e-03   2.5042421e-01   2.2406909e-02   8.3667183e-02
   3.4653217e-03   1.6937952e-01   2.6159748e-01   1.8862126e-01   1.1651560e-01   1.5055124e-01   1.0986958e-01
   3.6687612e-03   2.9394519e-01   2.3112678e-02   1.3857604e-02   3.2687471e-01   3.3822206e-01   3.1900266e-04
   3.7783375e-03   4.5591940e-01   6.5491184e-03   1.2821159e-01   1.2821159e-01   2.0906801e-02   2.5642317e-01
   4.0168804e-03   3.4097156e-01   3.6192892e-03   3.7444611e-01   2.0887540e-01   5.4257742e-02   1.3813018e-02
   4.1072201e-03   4.9286641e-02   4.3233895e-04   2.1119758e-01   3.1106788e-01   3.8672719e-01   3.7181150e-02
   4.7300319e-03   1.4162884e-01   1.0804770e-01   2.7849383e-01   2.1156505e-01   7.4860831e-02   1.8067371e-01
   5.0334260e-03   2.8730843e-02   9.8194084e-02   3.4414327e-01   4.9437596e-01   2.7356696e-02   2.1657182e-03
   5.2305276e-03   1.9136426e-02   3.3077440e-02   4.9356469e-02   4.4714931e-01   2.5235825e-01   1.9369157e-01
   5.2990385e-03   2.3894920e-02   8.3828976e-02   1.2501843e-01   5.3063541e-01   2.1030920e-01   2.1014023e-02
   5.6757367e-03   4.5437697e-02   5.0459672e-02   1.3391632e-01   2.0391102e-01   8.7340353e-02   4.7325921e-01
   5.7644094e-03   2.7077814e-02   2.5832589e-01   9.1661910e-02   5.5838703e-01   4.8520300e-02   1.0262643e-02
   6.8865266e-03   1.9883059e-02   3.6389700e-01   4.2833459e-01   1.6180230e-02   1.4406841e-01   2.0750184e-02
   7.0918437e-03   6.8881450e-02   3.3135095e-01   3.5860695e-03   1.4204601e-02   3.6888178e-01   2.0600330e-01
   7.0950731e-03   8.5629471e-03   3.2048779e-01   2.0904789e-01   4.6361254e-02   2.7630304e-01   1.3214201e-01
   7.2963113e-03   4.5642481e-01   6.3640049e-02   1.9416295e-01   4.0535063e-03   2.7158492e-01   2.8374544e-03
   7.9730284e-03   1.3247646e-02   2.2091821e-01   9.1419500e-03   4.1552622e-02   2.7261610e-01   4.3455044e-01
   8.2918501e-03   3.1342265e-05   3.9979100e-01   2.8548555e-01   1.0544317e-01   1.8929404e-01   1.1663055e-02
   8.5527210e-03   2.2287341e-01   3.4618898e-01   1.6656296e-01   2.1039829e-01   7.9368511e-03   3.7486776e-02
   8.7866845e-03   1.6619884e-01   1.7641439e-01   3.0654623e-01   1.8227717e-02   2.4890453e-01   7.4921607e-02
   8.9101868e-03   3.6447492e-03   9.8096341e-02   3.2239736e-01   3.7318928e-01   1.4957805e-01   4.4184021e-02
   9.2970664e-03   2.0621413e-01   3.4093653e-01   9.3164515e-02   1.3501864e-03   3.5460319e-02   3.1357726e-01
   9.6668969e-03   3.7035113e-03   1.1938883e-01   5.0709873e-01   9.1948399e-02   4.7152671e-02   2.2104096e-01
   9.7977944e-03   2.7534677e-01   1.2421697e-01   2.4080186e-01   1.9185510e-01   6.6039790e-02   9.1941708e-02
   1.0044670e-02   4.8442093e-02   7.2921158e-02   9.1657899e-02   6.6920267e-01   2.5485610e-02   8.2245904e-02
   1.1686262e-02   1.8494834e-01   2.6275468e-01   5.2347625e-02   2.4816681e-01   2.1380082e-02   2.1871621e-01
   1.2163829e-02   2.4298171e-01   8.1317228e-03   2.9875699e-01   9.9349440e-02   9.1719375e-02   2.4689694e-01
   1.2267406e-02   1.4440369e-01   1.6594051e-01   3.8094236e-02   1.5268682e-01   1.6230746e-01   3.2429988e-01
   1.2753283e-02   3.1417749e-03   1.1654330e-01   1.8254512e-01   4.1425379e-01   6.2690328e-03   2.6449370e-01
   1.2831032e-02   2.8140259e-01   8.4825571e-02   6.1884127e-02   3.2980608e-03   2.7599620e-01   2.7976242e-01
   1.2890751e-02   8.4434418e-02   2.7070577e-02   9.6680632e-04   2.2848856e-01   5.6558170e-01   8.0567193e-02
   1.3010534e-02   4.5485635e-01   1.8703970e-01   9.1939351e-04   1.6520365e-02   1.3172982e-01   1.9592384e-01
   1.3187020e-02   1.5228608e-01   3.2521412e-01   1.2870849e-01   1.3185487e-02   1.5689119e-01   2.1052761e-01
   1.3219645e-02   3.0552264e-01   4.6755166e-02   3.9728191e-01   2.0796564e-02   1.1091423e-02   2.0533265e-01
   1.3715491e-02   2.7363443e-03   3.2447896e-01   1.1516822e-01   1.6203254e-02   2.3569099e-01   2.9200674e-01
   1.4314576e-02   3.4815532e-01   5.9336303e-04   1.2709081e-01   1.3400798e-01   2.0942903e-01   1.6640892e-01
   1.6154104e-02   1.4666376e-01   6.9326981e-02   2.8142146e-01   1.8641921e-02   4.4559213e-01   2.2199645e-02
   1.8222222e-02   3.4158051e-01   1.0239564e-02   5.9862467e-02   1.3151643e-01   1.0683532e-01   3.3174348e-01
   1.8752097e-02   3.3019123e-01   6.4114690e-02   2.9667175e-02   4.7922326e-01   2.8414087e-02   4.9637468e-02
   1.8843570e-02   8.8272076e-02   2.1080753e-02   4.3045514e-01   5.1998829e-02   3.7724465e-01   1.2104979e-02
   1.9492657e-02   5.1455274e-01   4.5393858e-03   6.4886515e-02   2.2082777e-01   1.2016021e-01   5.5540721e-02
   1.9598115e-02   4.5894319e-01   4.3909700e-02   3.9444307e-01   2.4807740e-04   2.4311585e-02   5.8546266e-02
   1.9631177e-02   3.7216232e-02   3.9422959e-01   1.8020964e-01   1.9622764e-01   3.9187085e-02   1.3329863e-01
   1.9644475e-02   5.3236360e-02   1.2518810e-01   1.5593702e-01   6.2391496e-02   4.0452643e-01   1.7907612e-01
   2.0237355e-02   1.9093659e-01   8.1131416e-02   1.6995509e-02   4.4988788e-01   2.1567370e-02   2.1924388e-01
   2.0607887e-02   3.1481127e-03   3.1063714e-01   2.9216743e-01   9.7089337e-02   2.7146759e-02   2.4920333e-01
   2.1529120e-02   1.6974883e-01   1.3524703e-02   7.4799890e-02   5.4485233e-01   5.9067071e-02   1.1647806e-01
   2.1765612e-02   2.2641121e-02   3.4427072e-01   1.3586111e-01   1.7681520e-01   2.9060518e-01   8.0410589e-03
   2.3903401e-02   1.0103499e-02   3.9428290e-02   1.3307048e-02   3.9157220e-01   4.8693938e-01   3.4746180e-02
   2.4044457e-02   1.6990250e-02   8.4997306e-02   2.1946369e-02   8.6218054e-02   4.4051473e-01   3.2528883e-01
   2.4281768e-02   9.6795023e-03   2.9707448e-01   5.0560486e-03   3.3839306e-01   1.0551677e-02   3.1496346e-01
   2.4419832e-02   2.7428524e-01   2.3270560e-01   1.9018108e-02   3.2203092e-01   4.3357945e-02   8.4182359e-02
   2.4581416e-02   2.8694907e-01   1.0955380e-03   2.1810399e-01   2.5086975e-01   1.6576527e-01   5.2634966e-02
   2.4715732e-02   2.2304578e-01   5.1719418e-03   1.1754547e-02   1.3963357e-01   1.3709494e-01   4.5858349e-01
   2.4899979e-02   1.8485499e-02   1.5931688e-01   3.0258309e-01   2.4624436e-01   2.3344622e-01   1.5023982e-02
   2.4921836e-02   3.3441089e-01   2.0267076e-01   7.3156920e-03   1.5154790e-01   1.0201383e-01   1.7711909e-01
   2.5393119e-02   1.6903596e-02   2.9123730e-02   1.3446216e-01   2.4895747e-01   3.0654958e-01   2.3861035e-01
   2.6000684e-02   4.1053712e-03   3.4211427e-03   7.3896681e-02   2.1450564e-01   6.7601779e-01   2.0526856e-03
   2.6020920e-02   2.0751485e-01   2.7043801e-02   1.4712729e-01   3.9978985e-02   5.1978928e-01   3.2524877e-02
   2.6589909e-02   3.0305670e-01   1.7686839e-01   2.0512495e-02   9.8760891e-03   4.4172822e-01   2.1368192e-02
   2.7756072e-02   1.1548361e-01   2.5017595e-02   3.9118534e-01   2.2954665e-03   1.0928863e-01   3.2897328e-01
   2.8549182e-02   1.2976901e-02   5.0843499e-01   1.8167662e-03   1.0251752e-01   1.2613548e-01   2.1956917e-01
   2.8761829e-02   6.0913898e-03   1.0351363e-02   2.7929662e-01   2.3081850e-02   3.5971472e-01   2.9270222e-01
   2.8796312e-02   3.5191204e-01   3.4574430e-01   6.6959798e-02   1.7562583e-01   2.3673193e-02   7.2885241e-03
   2.9572208e-02   5.6531726e-01   7.8667815e-02   5.2253804e-02   9.4171691e-02   2.4978467e-02   1.5503876e-01
   2.9745276e-02   1.2205622e-01   1.2756099e-02   7.9585399e-02   3.1117665e-04   6.2648056e-01   1.2906527e-01
   2.9784424e-02   3.0077452e-02   1.9203719e-01   3.5404361e-01   1.9944434e-02   4.4697305e-02   3.2941558e-01
   3.0815674e-02   4.5758189e-01   1.4861009e-01   1.5321664e-01   1.5766311e-01   3.9699875e-03   4.8142603e-02
   3.1209962e-02   1.7304647e-01   2.0921602e-01   2.4075566e-01   5.1985107e-02   3.2295313e-02   2.6149147e-01
   3.2149083e-02   7.3394801e-02   2.9714351e-01   4.7985409e-02   7.3540264e-02   2.3457948e-02   4.5232899e-01
   3.2404898e-02   2.7575933e-02   2.6101598e-01   2.7359890e-01   2.5357199e-01   4.6615033e-02   1.0521726e-01
   3.3035718e-02   9.2720663e-02   4.0362465e-02   7.0651615e-03   3.0317358e-01   1.6230847e-02   5.0741156e-01
   3.3554701e-02   2.4859906e-01   3.7252356e-01   7.8118985e-02   3.8660488e-03   2.1743156e-01   4.5906092e-02
   3.4178300e-02   4.6772438e-02   4.1318186e-01   3.0009252e-02   3.8460699e-01   7.3347801e-02   1.7903354e-02
   3.4766795e-02   7.2850251e-03   5.0059876e-01   1.7568937e-01   9.1036539e-03   1.6739874e-01   1.0515766e-01
   3.5594703e-02   1.0906335e-01   5.0039598e-01   2.2149762e-01   5.8934111e-02   3.7669854e-02   3.6844386e-02
   3.6509211e-02   2.6507261e-01   1.9421048e-01   1.8527346e-01   7.0482134e-02   2.4709655e-01   1.3555685e-03
   3.6509951e-02   2.6357093e-02   1.2677686e-01   4.5291382e-02   1.5928995e-01   4.7360800e-01   1.3216676e-01
   3.7253030e-02   3.4993920e-04   5.4248519e-01   8.5376947e-02   2.3489052e-01   5.2446551e-02   4.7197827e-02
   3.7756741e-02   3.0478593e-01   2.6165925e-01   7.8433459e-03   1.2792036e-02   1.9828852e-01   1.7687418e-01
   3.7768329e-02   5.9101732e-03   1.2091058e-02   2.6350736e-01   1.0699184e-01   2.7237878e-02   5.4649336e-01
   3.7779969e-02   6.1411411e-02   2.9670807e-01   2.9607190e-03   1.4584861e-01   3.4502552e-01   1.1026570e-01
   3.8325728e-02   1.5938647e-01   3.5350899e-02   2.8881252e-01   7.9678030e-02   3.0309151e-01   9.5354851e-02
   3.9220062e-02   2.3732189e-02   2.4140785e-03   1.6333076e-02   3.1604957e-01   2.1662210e-01   3.8562893e-01
   3.9273649e-02   3.6739865e-02   5.1942568e-02   2.3521959e-01   5.0675676e-03   6.2162162e-01   1.0135135e-02
   3.9380245e-02   6.3589413e-02   6.4105875e-01   6.9722402e-02   3.2601679e-02   3.2278890e-04   1.5332473e-01
   4.0338450e-02   5.6791966e-02   3.9482757e-01   1.3911610e-02   2.4298150e-01   2.1717475e-01   3.3974147e-02
   4.1382110e-02   2.6238164e-02   3.8351646e-01   1.5084040e-01   1.0402686e-01   1.3190365e-02   2.8080565e-01
   4.1648848e-02   1.5681325e-01   1.0768521e-01   7.3824082e-02   1.7248972e-01   3.2856132e-02   4.1468276e-01
   4.1816351e-02   5.6385424e-02   2.3667851e-01   5.2599905e-01   9.3770759e-03   9.3818064e-02   3.5925528e-02
   4.2284024e-02   2.5076571e-01   2.0717378e-02   2.5653398e-01   3.9047907e-01   9.3821299e-03   2.9837714e-02
   4.2938264e-02   2.5039822e-01   6.0101596e-02   1.7010852e-01   8.4622921e-02   3.6239588e-01   2.9434593e-02
   4.2944785e-02   2.4205243e-01   5.1756832e-01   3.9319576e-02   9.7601785e-02   1.4779699e-02   4.5733408e-02
   4.3876754e-02   3.3221417e-02   1.4931245e-01   1.0566313e-01   3.9209131e-01   1.6093629e-01   1.1489864e-01
   4.4811478e-02   1.6470881e-02   1.1211246e-01   3.4304654e-01   1.2194094e-01   2.3145865e-01   1.3015905e-01
   4.4812215e-02   2.1467784e-01   8.2115792e-02   1.4692454e-01   3.5869958e-01   1.2816905e-01   2.4600988e-02
   4.6470647e-02   1.7515677e-03   2.2470656e-01   1.5899995e-01   7.1064729e-02   4.8836660e-01   8.6399523e-03
   4.6470750e-02   4.1718424e-02   3.6377599e-01   2.2989399e-02   2.2683954e-01   8.6075117e-02   2.1213079e-01
   4.8876181e-02   2.8043548e-02   4.3528246e-02   2.0637947e-01   1.5804141e-02   2.2672065e-01   4.3064777e-01
   5.1069323e-02   2.4707440e-01   1.0235166e-01   2.0875982e-02   3.6103153e-02   3.7815658e-01   1.6436890e-01
   5.1670881e-02   3.0177960e-02   3.4473459e-03   3.4607371e-01   2.3890695e-01   3.2680629e-01   2.9168684e-03
   5.1991152e-02   6.3105132e-01   1.6604094e-02   8.0900071e-02   2.7220051e-02   1.5947938e-01   3.2753931e-02
   5.3039861e-02   1.2494947e-01   5.4539820e-01   1.4359832e-02   4.5405513e-02   1.3050215e-01   8.6344973e-02
   5.3275891e-02   1.8860221e-01   9.1245757e-02   2.1346556e-03   4.7997248e-01   1.6108178e-01   2.3687231e-02
   5.4277382e-02   3.4686461e-02   1.4989319e-01   2.8964283e-03   1.1043059e-02   1.2912786e-01   6.1807562e-01
   5.5110053e-02   3.4407587e-01   1.5117748e-01   3.7664065e-02   1.6033158e-01   2.2915514e-01   2.2485806e-02
   5.5183814e-02   9.6081084e-02   1.1609355e-01   1.5383478e-01   2.3785762e-01   5.5240184e-02   2.8570897e-01
   5.5231817e-02   1.6373684e-01   1.0297524e-01   1.3825016e-02   3.4281736e-01   2.2070026e-01   1.0071347e-01
   5.7543801e-02   3.3992433e-01   1.5092750e-01   2.9934614e-01   5.3943661e-02   9.6801791e-02   1.5127737e-03
   5.8355706e-02   3.2114026e-02   4.0600687e-01   4.0877015e-03   4.0671681e-02   4.4865582e-01   1.0108197e-02
   5.8849631e-02   1.1558040e-01   1.3730371e-01   3.6558504e-01   2.9907487e-01   1.5597691e-02   8.0086528e-03
   5.9505983e-02   1.0317339e-01   2.0234373e-01   2.2065066e-01   3.4685894e-02   3.7000841e-01   9.6319233e-03
   6.0553980e-02   1.5242546e-02   7.2545344e-02   5.8373285e-03   4.7084332e-01   3.1747712e-01   5.7500364e-02
   6.1270619e-02   2.6968575e-01   1.6531405e-02   1.0964745e-01   2.8428378e-01   7.2640835e-02   1.8594016e-01
   6.4407188e-02   2.1423081e-01   1.1034735e-01   9.3539578e-02   4.5238456e-02   1.2525304e-01   3.4698357e-01
   6.4694204e-02   2.0788794e-01   1.8122864e-02   4.0291791e-01   1.5834925e-02   2.8432813e-01   6.2140226e-03
   6.6381211e-02   1.6679371e-01   7.8814279e-03   8.8050396e-03   3.5833651e-01   7.1032413e-02   3.2076969e-01
   6.7138614e-02   3.8260095e-01   2.6377599e-01   1.2264317e-01   5.9533207e-03   1.0926230e-01   4.8625655e-02
   6.7473966e-02   1.9750683e-01   2.4689165e-02   3.4806519e-01   2.4588449e-01   7.4315599e-02   4.2064757e-02
   6.8620585e-02   2.6850133e-01   1.5217832e-01   1.5005553e-01   7.5322630e-02   1.5527095e-01   1.3005065e-01
   6.8756320e-02   4.2804179e-02   2.0222447e-03   5.8746208e-01   2.1233569e-02   2.2042467e-01   5.7296933e-02
   7.2501907e-02   1.4784445e-01   2.5963714e-02   1.0668737e-01   1.1336395e-02   1.6553593e-01   4.7013023e-01
   7.7851314e-02   2.8467230e-03   6.2582500e-01   2.6144075e-01   3.1757962e-03   2.7230710e-02   1.6297099e-03
   7.9900898e-02   8.9811087e-02   6.1938681e-04   5.4939610e-01   1.3347786e-01   4.1498916e-02   1.0529576e-01
   8.4375211e-02   4.3119821e-01   3.2674517e-02   5.3956879e-03   1.4696906e-02   7.8916753e-03   4.2376779e-01
   8.5311952e-02   7.5480612e-03   4.4356660e-02   3.4681831e-02   4.5863250e-01   5.1031111e-02   3.1843789e-01
   8.5496183e-02   1.7862595e-01   4.7297710e-01   6.1068702e-03   3.3587786e-02   3.1755725e-02   1.9145038e-01
   8.5583025e-02   1.6366220e-02   6.0965081e-02   4.3187243e-02   6.1164029e-02   2.3815087e-01   4.9458354e-01
   8.7720639e-02   1.0542259e-02   4.0598825e-03   2.0579395e-02   1.9767973e-01   3.5986807e-01   3.1955003e-01
   8.8325812e-02   6.0415525e-02   2.3447200e-01   3.7503455e-01   2.3576874e-02   9.0702538e-02   1.2747271e-01
   8.9231975e-02   6.8071237e-01   1.0234471e-01   1.7289221e-02   6.0764145e-02   4.0601870e-02   9.0557038e-03
   8.9290427e-02   1.4341691e-01   3.8647467e-01   8.0447572e-02   2.6117397e-01   3.6412529e-02   2.7839180e-03
   8.9642747e-02   2.4654374e-01   5.4044280e-03   1.7811451e-02   1.5764378e-01   2.3579943e-01   2.4715443e-01
   8.9921462e-02   2.4099397e-01   2.8590383e-01   2.4442171e-01   7.2085673e-02   2.9131245e-02   3.7542109e-02
   9.3241752e-02   3.7398981e-01   9.1569567e-02   1.0650927e-01   1.6449511e-01   9.2092375e-03   1.6098525e-01
   9.4409742e-02   1.5397741e-01   4.6943089e-02   9.1466232e-03   1.2864356e-02   3.7736701e-01   3.0529177e-01
   9.5532632e-02   2.2060736e-01   1.1670851e-01   1.1629168e-02   1.3684526e-01   3.9168038e-01   2.6996692e-02
   9.6104529e-02   3.7648018e-01   7.5404489e-02   1.0292506e-02   5.3930569e-02   3.7370146e-01   1.4086268e-02
   9.8373537e-02   2.6844818e-03   9.4530194e-02   5.7823826e-02   3.1727575e-01   2.1570302e-01   2.1360919e-01
   1.0002553e-01   1.8972332e-01   9.2783244e-02   4.0227730e-01   1.2592019e-01   1.0693615e-04   8.9163476e-02
   1.0124389e-01   9.3808596e-02   1.1884960e-02   3.2248335e-01   1.4103509e-01   1.0146404e-01   2.2808007e-01
   1.0133125e-01   3.6488000e-01   1.6961988e-01   1.3923345e-01   1.8487560e-02   1.3765601e-02   1.9268226e-01
   1.0485430e-01   7.8093149e-03   2.1453283e-02   1.1594025e-01   3.2189913e-01   7.9205409e-02   3.4883832e-01
   1.0508195e-01   1.8610687e-01   1.5567344e-01   8.2933582e-02   1.7575600e-01   1.0906743e-01   1.8538073e-01
   1.0630230e-01   2.1124372e-01   1.2639088e-01   4.1883196e-01   1.9109795e-02   9.5163494e-02   2.2957849e-02
   1.0713078e-01   1.4968873e-01   3.1619902e-02   5.4801921e-04   6.7668560e-01   1.8766207e-02   1.5560759e-02
   1.0810293e-01   6.2031901e-02   4.1006318e-01   2.0180853e-01   4.2609375e-03   3.1736583e-02   1.8199593e-01
   1.1124525e-01   5.1036365e-01   1.1263846e-01   4.9614486e-02   3.6304239e-02   1.7577116e-01   4.0627575e-03
   1.1221818e-01   3.4456148e-02   1.1778127e-02   4.6606570e-02   6.6194574e-03   3.8196195e-01   4.0635957e-01
   1.1272235e-01   1.3335567e-01   2.8781888e-01   3.2424974e-01   1.7608651e-02   1.2061642e-01   3.6282949e-03
   1.1275235e-01   2.8967748e-02   1.9231539e-01   1.1996732e-01   5.6851941e-02   1.7662342e-01   3.1252183e-01
   1.1862212e-01   4.4160166e-01   6.0989824e-03   1.0931171e-03   3.9203226e-01   3.8938771e-02   1.6130867e-03
   1.1954765e-01   7.3156306e-02   3.3941853e-01   1.1612565e-01   3.2103180e-02   3.1805465e-01   1.5940330e-03
   1.2233905e-01   5.1222725e-02   3.3654157e-01   2.6491365e-01   2.1462389e-01   2.7817510e-03   7.5773670e-03
   1.2274322e-01   6.0619080e-03   1.2114781e-01   1.9516756e-01   2.8901389e-01   1.9306671e-01   7.2798909e-02
   1.2510674e-01   3.6473918e-02   9.6100311e-02   4.0258907e-01   3.2053075e-03   1.1345624e-01   2.2306842e-01
   1.2545982e-01   3.6011852e-01   1.0782717e-03   2.6837730e-02   2.5884807e-01   1.1947386e-01   1.0818372e-01
   1.2791262e-01   4.7839806e-01   1.1650485e-02   2.1189320e-01   4.6601942e-02   4.8543689e-04   1.2305825e-01
   1.3104382e-01   2.5061075e-02   1.4204161e-02   1.8936961e-01   1.7823121e-01   3.9858967e-01   6.3500460e-02
   1.3286332e-01   1.4063578e-01   6.0444930e-02   3.0949671e-01   3.2413758e-02   2.1518694e-02   3.0262681e-01
   1.3527168e-01   8.7761397e-02   1.2670786e-01   3.1283077e-02   4.6086573e-01   4.6218973e-03   1.5348836e-01
   1.3810845e-01   1.0391283e-02   2.8064665e-02   1.9008561e-01   7.1123875e-02   2.8861903e-01   2.7360709e-01
   1.4161749e-01   1.4578271e-02   3.4710170e-04   4.7865325e-01   1.6036099e-01   1.9055883e-01   1.3884068e-02
   1.4604760e-01   6.4578006e-02   1.5313079e-01   6.4330618e-02   8.8568967e-02   5.7569360e-02   4.2577466e-01
   1.4611738e-01   5.2042539e-02   2.0592346e-02   4.7178335e-03   2.4996481e-01   4.6941521e-01   5.7149879e-02
   1.4660315e-01   2.5922675e-01   4.7937687e-03   2.4390370e-01   3.0399417e-03   7.7511222e-02   2.6492147e-01
   1.4909509e-01   4.3378340e-02   1.3789141e-02   5.1192186e-01   2.4130997e-02   1.0629130e-02   2.4705544e-01
   1.5233881e-01   1.4854614e-02   2.3072061e-02   1.6845765e-01   6.0714286e-01   1.6118837e-02   1.8015171e-02
   1.5351175e-01   5.7089248e-02   2.2297047e-01   1.1113133e-01   2.2499864e-01   2.1804260e-01   1.2255952e-02
   1.5728374e-01   2.0939777e-01   2.1544250e-01   1.3510114e-01   5.3457451e-02   3.2961825e-02   1.9635558e-01
   1.5799369e-01   1.9933619e-01   3.2580861e-01   6.5142394e-02   1.2476051e-01   8.4780171e-02   4.2178433e-02
   1.5800683e-01   5.1729061e-03   2.3074101e-01   2.1450798e-01   1.5225572e-01   1.2869147e-01   1.1062408e-01
   1.5818282e-01   1.8552978e-01   4.6185406e-01   1.2285853e-01   9.6981276e-03   1.8336492e-02   4.3540196e-02
   1.5869152e-01   3.0416832e-01   1.3759628e-01   5.2903970e-02   1.6433172e-02   1.1549598e-02   3.1865714e-01
   1.5922662e-01   1.4047112e-02   1.5622268e-01   3.4860478e-01   1.4466835e-01   1.3706909e-01   4.0161376e-02
   1.6080444e-01   1.2847045e-01   1.3708963e-02   7.4766291e-02   2.1407835e-01   1.7660818e-02   3.9051069e-01
   1.6233547e-01   3.6166595e-03   1.8285825e-02   2.8135729e-02   5.6537936e-01   5.3843444e-02   1.6840352e-01
   1.6276401e-01   9.8580975e-03   1.6587880e-02   3.2250233e-01   3.8119693e-02   3.1741825e-01   1.3274974e-01
   1.6489615e-01   1.9817964e-01   1.6182917e-01   1.3462636e-01   1.9774354e-01   1.2760217e-01   1.5122969e-02
   1.6496382e-01   1.2928958e-01   2.1847506e-01   3.2723793e-01   8.3299292e-02   1.1639916e-02   6.5094396e-02
   1.6603144e-01   2.4415397e-01   1.7295537e-02   4.3048007e-02   3.1009606e-02   3.7341719e-02   4.6111972e-01
   1.6621970e-01   2.0413142e-01   1.9497879e-02   8.5326995e-02   3.4234375e-01   9.6386829e-02   8.6093426e-02
   1.6624933e-01   2.2510074e-01   1.4256375e-02   7.1299687e-02   1.5768781e-02   3.8510627e-01   1.2221882e-01
   1.6826605e-01   3.1206222e-01   2.1318518e-02   1.8913931e-01   2.8672715e-01   1.5826518e-02   6.6602333e-03
   1.6922871e-01   1.1603884e-01   1.2804911e-02   5.8956939e-03   4.4636927e-01   2.1569065e-01   3.3971936e-02
   1.6941344e-01   6.7427840e-03   1.9852111e-01   1.4680978e-01   1.5356521e-01   1.0849539e-02   3.1409814e-01
   1.6960542e-01   1.3143881e-01   1.4861447e-01   1.8855147e-03   2.9279320e-01   2.0369995e-03   2.5362559e-01
   1.7709977e-01   1.4660641e-02   2.8716855e-01   1.3590183e-01   2.8936771e-01   4.3615554e-03   9.1439941e-02
   1.7793180e-01   1.7895238e-02   1.8463400e-01   1.4354120e-02   1.9015408e-01   2.2035645e-01   1.9467431e-01
   1.8522972e-01   7.0173943e-02   7.8195262e-02   3.2407909e-02   1.8825373e-01   3.1382131e-01   1.3191813e-01
   1.8641967e-01   1.3992885e-01   2.1427981e-02   5.3373956e-01   4.6385548e-02   6.2022872e-02   1.0075517e-02
   1.8671096e-01   9.4260813e-02   2.8665437e-01   2.4542870e-02   2.6632737e-01   1.1191577e-01   2.9587854e-02
   1.8885022e-01   2.9989282e-05   1.8437664e-01   2.5621701e-01   8.8503412e-03   2.4963141e-01   1.1204439e-01
   1.9056421e-01   4.3174423e-02   7.5166362e-02   6.9550423e-02   4.6436364e-02   5.4625951e-01   2.8848710e-02
   1.9318781e-01   8.9159610e-02   6.8729093e-02   9.3709929e-02   3.2631032e-01   1.8914809e-01   3.9755146e-02
   2.0057960e-01   2.1315438e-01   3.5891655e-04   1.1871435e-01   1.2499952e-01   1.9898502e-01   1.4320821e-01
   2.0058058e-01   2.0512304e-01   1.3769776e-01   1.0302799e-01   3.3078969e-01   9.4182704e-03   1.3362684e-02
   2.0078420e-01   2.6394953e-01   1.8041840e-02   1.3701472e-02   1.7177520e-01   3.2062454e-01   1.1123222e-02
   2.0181019e-01   1.3476468e-04   4.5411598e-01   1.9695735e-02   9.8329970e-03   2.6409810e-01   5.0312235e-02
   2.0617840e-01   1.0107258e-02   1.4620754e-02   7.2345410e-02   4.0380408e-02   4.8331653e-01   1.7305124e-01
   2.0727242e-01   8.6830115e-02   1.8888987e-02   3.0112550e-01   1.8369960e-01   1.1640052e-01   8.5782864e-02
   2.0815089e-01   5.1734591e-01   6.7025935e-02   3.2334119e-02   1.4449310e-01   2.1219266e-02   9.4307848e-03
   2.1068766e-01   3.4515389e-02   2.2465062e-01   6.3051903e-03   2.5817235e-03   6.2102890e-03   5.1504913e-01
   2.1215559e-01   2.3542893e-01   2.3722990e-01   1.2012982e-01   3.4877537e-02   1.5720785e-01   2.9703731e-03
   2.1225566e-01   9.4237371e-02   1.4901945e-01   1.2578126e-01   1.2401554e-01   7.9147051e-02   2.1554367e-01
   2.1292147e-01   1.1439267e-01   2.1545218e-03   8.7991884e-02   3.6636761e-01   7.4680092e-03   2.0870384e-01
   2.1387494e-01   3.0055146e-01   1.4432520e-02   2.6290188e-01   7.9094818e-02   3.9550234e-03   1.2518937e-01
   2.1402918e-01   7.9202890e-02   7.8584922e-03   2.2447709e-01   5.7559788e-02   1.1377346e-03   4.1573482e-01
   2.2706562e-01   4.3371033e-02   3.8067196e-03   3.0958709e-01   3.1010722e-01   3.7999093e-03   1.0226240e-01
   2.2896624e-01   6.9950200e-02   7.9249124e-03   8.2539693e-02   3.6662002e-02   7.7130283e-02   4.9682668e-01
   2.2957501e-01   2.1321428e-01   2.0341222e-01   2.4065510e-03   9.0521675e-02   1.6065692e-01   1.0021334e-01
   2.3040839e-01   1.4175615e-01   4.9161695e-03   3.7489373e-01   4.9640080e-02   1.8011682e-01   1.8268674e-02
   2.3051886e-01   1.0887867e-01   7.7045700e-02   2.2275795e-01   2.2846410e-02   2.3773834e-01   1.0021407e-01
   2.3152747e-01   8.3096934e-03   2.6094711e-02   2.9044345e-01   4.6487520e-03   2.0522502e-01   2.3375091e-01
   2.3219280e-01   9.2050953e-02   5.0305262e-04   4.4997085e-04   1.5663668e-01   2.2752616e-01   2.9064038e-01
   2.3254585e-01   4.8028799e-01   5.1633003e-02   1.7242819e-02   2.0006316e-02   1.0008373e-01   9.8200288e-02
   2.3810712e-01   1.2124821e-01   2.4166060e-01   1.0035452e-02   6.7793851e-03   1.0843759e-01   2.7373164e-01
   2.4031418e-01   1.8738244e-01   5.1585172e-02   1.2756859e-02   4.7168202e-01   1.6485482e-02   1.9793853e-02
   2.4060583e-01   5.1127596e-02   3.3887182e-01   2.8407345e-02   1.0676361e-01   5.0085995e-02   1.8413781e-01
   2.4138939e-01   7.3019895e-02   1.1771417e-02   9.5289911e-02   2.4355847e-01   3.2477224e-01   1.0198675e-02
   2.4245561e-01   3.8769557e-01   2.2761762e-03   1.3200633e-01   2.6330937e-02   1.7044670e-01   3.8788676e-02
   2.4266028e-01   3.2889732e-01   5.5221418e-02   1.1263212e-01   2.7388328e-02   5.6771566e-02   1.7642897e-01
   2.4352809e-01   4.1508652e-02   9.3822980e-02   1.9340509e-02   2.7477748e-02   1.8512844e-01   3.8919358e-01
   2.4532825e-01   1.5577859e-02   3.0440291e-01   1.1892545e-02   5.1435009e-03   3.8819220e-01   2.9462741e-02
   2.4690737e-01   2.8878993e-01   2.0179134e-01   2.0160382e-01   2.1105303e-02   3.6617658e-02   3.1845838e-03
   2.4824142e-01   3.9141922e-01   2.5319395e-01   1.3636581e-02   1.1453424e-03   5.6257520e-03   8.6737734e-02
   2.4848432e-01   2.7618066e-01   1.2401887e-01   5.5019483e-03   1.4177473e-01   1.5665529e-02   1.8837394e-01
   2.5331760e-01   6.3379369e-04   1.5423628e-03   2.1890527e-01   2.0175563e-01   2.1572051e-02   3.0227329e-01
   2.6392529e-01   1.8228056e-04   2.9014134e-01   1.6712412e-01   1.7573603e-02   3.9863637e-03   2.5706701e-01
   2.6648792e-01   2.5977194e-03   1.0262386e-01   1.8540500e-01   2.6407755e-01   1.7150799e-01   7.2999622e-03
   2.6787979e-01   3.6512061e-04   1.5739273e-01   1.8282076e-01   1.4454799e-02   3.7539274e-01   1.6940600e-03
   2.6936303e-01   1.0044219e-01   1.1449042e-01   1.2676614e-01   2.4348596e-01   2.4479996e-02   1.2097226e-01
   2.7317552e-01   5.2657093e-02   2.7861484e-02   2.7443560e-01   1.3492314e-01   2.2886406e-01   8.0830952e-03
   2.7947086e-01   2.7553661e-02   1.9098417e-01   2.5154693e-02   1.4547097e-01   1.8429190e-02   3.1293645e-01
   2.8269005e-01   3.0828611e-01   4.3555420e-02   5.9535874e-02   2.0580953e-01   3.2007106e-02   6.8115908e-02
   2.8269227e-01   4.6344688e-02   1.8770978e-02   1.3472470e-01   8.0599317e-02   4.3233001e-01   4.5380391e-03
   2.8304239e-01   1.3229025e-01   2.5562501e-03   3.3615771e-01   2.7589060e-02   1.2893398e-02   2.0547094e-01
   2.8391701e-01   1.6490162e-01   5.0887498e-02   3.0591270e-04   9.0734115e-02   1.1754163e-01   2.9171221e-01
   2.8981834e-01   8.1755576e-03   2.3774124e-02   1.7818467e-01   2.9500347e-02   1.1866332e-01   3.5188364e-01
   2.9176252e-01   4.7153664e-03   3.9990870e-02   6.7530533e-02   2.8851131e-01   1.6634127e-01   1.4114813e-01
   2.9562350e-01   1.4062830e-01   2.5672161e-02   1.2513813e-02   1.3075551e-01   3.1828608e-01   7.6520640e-02
   2.9731124e-01   2.7708129e-02   2.0065389e-01   1.6597969e-02   7.6213598e-03   2.4422494e-01   2.0588248e-01
   2.9821320e-01   2.8981054e-01   1.9819564e-01   7.9705495e-02   1.1430929e-01   1.2127589e-03   1.8553082e-02
   2.9865312e-01   2.0063089e-01   3.1709498e-03   1.2399242e-01   2.3144841e-02   3.4662161e-01   3.7861669e-03
   2.9972457e-01   1.1502776e-01   4.6439758e-02   2.6870292e-03   3.4100728e-02   4.7690999e-01   2.5110159e-02
   3.0659909e-01   3.2541816e-02   1.4127874e-01   2.5078767e-01   2.1788582e-01   4.1776656e-02   9.1302076e-03
   3.0790668e-01   4.2633196e-01   1.0648190e-01   1.4303564e-01   1.6096458e-03   1.1201527e-02   3.4326384e-03
   3.1044229e-01   7.8567112e-02   4.6542022e-01   6.1632594e-03   2.9539174e-02   1.0360201e-01   6.2659333e-03
   3.1069157e-01   1.6470600e-01   2.9668469e-01   1.3334282e-01   4.4243131e-02   2.3537745e-02   2.6794043e-02
   3.1901477e-01   1.1462525e-02   5.7524085e-02   3.9032230e-02   2.7486637e-01   1.0172530e-03   2.9708277e-01
   3.2170674e-01   1.6931934e-03   5.2827633e-02   1.3206908e-02   5.3166272e-01   3.4879783e-02   4.4023027e-02
   3.3293161e-01   1.0446825e-01   1.0588354e-01   1.9901307e-01   3.4853421e-02   6.3087197e-02   1.5976291e-01
   3.3298010e-01   8.5108246e-03   2.4783591e-01   3.2370665e-03   3.6501156e-01   3.9040156e-02   3.3843822e-03
   3.3356442e-01   6.7342338e-03   3.5103826e-01   2.7098049e-01   1.8118307e-02   1.5622542e-02   3.9417415e-03
   3.3434241e-01   4.0477283e-02   1.7390870e-02   8.9907247e-02   1.3315739e-01   4.0640953e-02   3.4408385e-01
   3.3696459e-01   1.7564421e-01   4.1230446e-02   2.0462097e-02   1.9413770e-01   7.8176710e-02   1.5338426e-01
   3.3770422e-01   2.7816402e-01   6.3492956e-02   9.0223772e-03   1.2492477e-01   1.6920736e-01   1.7484301e-02
   3.4407691e-01   2.0338869e-01   1.4431402e-02   2.5784514e-01   1.3272493e-01   3.4066960e-02   1.3465969e-02
   3.4614700e-01   1.0888301e-01   1.8482806e-01   5.1721540e-02   2.6849318e-01   2.2317940e-02   1.7609265e-02
   3.4846041e-01   3.0654425e-03   1.6580209e-01   1.8792979e-02   2.3161600e-01   5.3050206e-02   1.7921287e-01
   3.4974004e-01   1.1499184e-01   4.5239953e-02   3.2691337e-01   6.4014501e-03   8.6608076e-02   7.0105267e-02
   3.4980637e-01   9.0470233e-03   2.1600250e-02   4.6381350e-01   3.3532870e-04   3.1003831e-02   1.2439369e-01
   3.5080595e-01   1.7000652e-02   3.0513923e-01   7.3289015e-02   7.6789425e-02   1.6331511e-01   1.3660614e-02
   3.5149245e-01   1.9515374e-02   3.5736138e-04   7.0107643e-02   6.3622723e-02   2.3323787e-01   2.6166658e-01
   3.5645537e-01   1.6291679e-01   1.8873700e-01   2.6922624e-02   2.0445544e-02   6.5289050e-02   1.7923362e-01
   3.6085961e-01   3.9783703e-03   1.2822626e-01   6.0194828e-03   1.4606127e-03   4.1295433e-01   8.6501330e-02
   3.6202103e-01   2.2140812e-02   1.1281662e-01   3.5793608e-03   1.3737547e-01   3.0157869e-01   6.0488023e-02
   3.6411052e-01   5.1557489e-02   1.4123969e-01   1.8152003e-01   9.0132415e-03   1.7999950e-01   7.2559531e-02
   3.9398670e-01   1.6434211e-01   8.9912961e-02   1.2647781e-01   7.8536845e-02   1.2213436e-01   2.4609208e-02
   3.9749063e-01   2.3447250e-01   2.7087114e-01   8.5636924e-03   1.5044982e-02   4.8955943e-02   2.4601102e-02
   4.1240740e-01   2.6082026e-03   8.3181626e-02   1.9212974e-01   1.4741827e-01   1.5886717e-01   3.3875895e-03
   4.1379958e-01   3.7746219e-02   1.3421670e-01   1.3499151e-01   1.3801687e-02   1.0689729e-02   2.5475458e-01
   4.1498967e-01   3.0024129e-01   2.6444944e-02   1.5221131e-01   3.2542209e-02   7.1425549e-02   2.1450203e-03
   4.2469337e-01   3.0009127e-03   2.7165030e-01   6.0032327e-02   1.7609445e-02   5.1101834e-02   1.7191181e-01
   4.3608995e-01   9.8193607e-02   6.8729001e-02   3.5089770e-02   2.6456754e-02   1.7908351e-01   1.5635740e-01
   4.3903853e-01   2.2640369e-02   4.9356873e-02   3.9107929e-02   1.4529281e-02   3.0338213e-03   4.3229319e-01
   4.5011062e-01   1.6200395e-01   2.2093716e-02   1.4381396e-01   1.7150687e-02   3.6444967e-02   1.6838210e-01
   4.5169645e-01   1.3701114e-01   4.6620047e-03   4.0145040e-02   2.7324527e-01   1.2950013e-03   9.1945092e-02
   4.6417089e-01   7.9371570e-03   4.2700367e-01   2.0452842e-02   1.3407371e-02   6.5171888e-02   1.8561774e-03
   4.6565581e-01   5.6371314e-02   2.6229008e-02   1.8484628e-01   2.3725645e-01   1.5903445e-02   1.3737694e-02
   4.8339625e-01   1.7738051e-02   1.0753244e-02   2.0175814e-01   3.5044852e-03   2.7356802e-01   9.2818068e-03
   4.8964065e-01   1.8846911e-02   8.4842353e-02   3.0416411e-02   2.7346475e-01   8.6944584e-02   1.5844343e-02
   5.2433384e-01   1.1427671e-02   1.5013556e-01   6.2712075e-02   1.0143456e-01   1.0690328e-01   4.3053022e-02
   6.4814815e-01   7.2072072e-02   5.6556557e-02   9.8098098e-02   4.6046046e-02   2.7027027e-02   5.2052052e-02
   1.0000000e+00   0.0000000e+00   0.0000000e+00   0.0000000e+00   0.0000000e+00   0.0000000e+00   0.0000000e+00
