   0.0000000e+00   0.0000000e+00   0.0000000e+00   0.0000000e+00   0.0000000e+00   0.0000000e+00   0.0000000e+00   0.0000000e+00   0.0000000e+00   0.0000000e+00   0.0000000e+00   0.0000000e+00   0.0000000e+00   0.0000000e+00   0.0000000e+00   0.0000000e+00   0.0000000e+00   0.0000000e+00   0.0000000e+00   0.0000000e+00   1.0000000e+00
   0.0000000e+00   0.0000000e+00   0.0000000e+00   0.0000000e+00   0.0000000e+00   0.0000000e+00   0.0000000e+00   0.0000000e+00   0.0000000e+00   0.0000000e+00   0.0000000e+00   0.0000000e+00   0.0000000e+00   0.0000000e+00   0.0000000e+00   0.0000000e+00   0.0000000e+00   0.0000000e+00   0.0000000e+00   1.0000000e+00   0.0000000e+00
   0.0000000e+00   0.0000000e+00   0.0000000e+00   0.0000000e+00   0.0000000e+00   0.0000000e+00   0.0000000e+00   0.0000000e+00   0.0000000e+00   0.0000000e+00   0.0000000e+00   0.0000000e+00   0.0000000e+00   0.0000000e+00   0.0000000e+00   0.0000000e+00   0.0000000e+00   0.0000000e+00   1.0000000e+00   0.0000000e+00   0.0000000e+00
   0.0000000e+00   0.0000000e+00   0.0000000e+00   0.0000000e+00   0.0000000e+00   0.0000000e+00   0.0000000e+00   0.0000000e+00   0.0000000e+00   0.0000000e+00   0.0000000e+00   0.0000000e+00   0.0000000e+00   0.0000000e+00   0.0000000e+00   0.0000000e+00   0.0000000e+00   1.0000000e+00   0.0000000e+00   0.0000000e+00   0.0000000e+00
   0.0000000e+00   0.0000000e+00   0.0000000e+00   0.0000000e+00   0.0000000e+00   0.0000000e+00   0.0000000e+00   0.0000000e+00   0.0000000e+00   0.0000000e+00   0.0000000e+00   0.0000000e+00   0.0000000e+00   0.0000000e+00   0.0000000e+00   0.0000000e+00   1.0000000e+00   0.0000000e+00   0.0000000e+00   0.0000000e+00   0.0000000e+00
   0.0000000e+00   0.0000000e+00   0.0000000e+00   0.0000000e+00   0.0000000e+00   0.0000000e+00   0.0000000e+00   0.0000000e+00   0.0000000e+00   0.0000000e+00   0.0000000e+00   0.0000000e+00   0.0000000e+00   0.0000000e+00   0.0000000e+00   1.0000000e+00   0.0000000e+00   0.0000000e+00   0.0000000e+00   0.0000000e+00   0.0000000e+00
   0.0000000e+00   0.0000000e+00   0.0000000e+00   0.0000000e+00   0.0000000e+00   0.0000000e+00   0.0000000e+00   0.0000000e+00   0.0000000e+00   0.0000000e+00   0.0000000e+00   0.0000000e+00   0.0000000e+00   0.0000000e+00   1.0000000e+00   0.0000000e+00   0.0000000e+00   0.0000000e+00   0.0000000e+00   0.0000000e+00   0.0000000e+00
   0.0000000e+00   0.0000000e+00   0.0000000e+00   0.0000000e+00   0.0000000e+00   0.0000000e+00   0.0000000e+00   0.0000000e+00   0.0000000e+00   0.0000000e+00   0.0000000e+00   0.0000000e+00   0.0000000e+00   1.0000000e+00   0.0000000e+00   0.0000000e+00   0.0000000e+00   0.0000000e+00   0.0000000e+00   0.0000000e+00   0.0000000e+00
   0.0000000e+00   0.0000000e+00   0.0000000e+00   0.0000000e+00   0.0000000e+00   0.0000000e+00   0.0000000e+00   0.0000000e+00   0.0000000e+00   0.0000000e+00   0.0000000e+00   0.0000000e+00   1.0000000e+00   0.0000000e+00   0.0000000e+00   0.0000000e+00   0.0000000e+00   0.0000000e+00   0.0000000e+00   0.0000000e+00   0.0000000e+00
   0.0000000e+00   0.0000000e+00   0.0000000e+00   0.0000000e+00   0.0000000e+00   0.0000000e+00   0.0000000e+00   0.0000000e+00   0.0000000e+00   0.0000000e+00   0.0000000e+00   1.0000000e+00   0.0000000e+00   0.0000000e+00   0.0000000e+00   0.0000000e+00   0.0000000e+00   0.0000000e+00   0.0000000e+00   0.0000000e+00   0.0000000e+00
   0.0000000e+00   0.0000000e+00   0.0000000e+00   0.0000000e+00   0.0000000e+00   0.0000000e+00   0.0000000e+00   0.0000000e+00   0.0000000e+00   0.0000000e+00   1.0000000e+00   0.0000000e+00   0.0000000e+00   0.0000000e+00   0.0000000e+00   0.0000000e+00   0.0000000e+00   0.0000000e+00   0.0000000e+00   0.0000000e+00   0.0000000e+00
   0.0000000e+00   0.0000000e+00   0.0000000e+00   0.0000000e+00   0.0000000e+00   0.0000000e+00   0.0000000e+00   0.0000000e+00   0.0000000e+00   1.0000000e+00   0.0000000e+00   0.0000000e+00   0.0000000e+00   0.0000000e+00   0.0000000e+00   0.0000000e+00   0.0000000e+00   0.0000000e+00   0.0000000e+00   0.0000000e+00   0.0000000e+00
   0.0000000e+00   0.0000000e+00   0.0000000e+00   0.0000000e+00   0.0000000e+00   0.0000000e+00   0.0000000e+00   0.0000000e+00   1.0000000e+00   0.0000000e+00   0.0000000e+00   0.0000000e+00   0.0000000e+00   0.0000000e+00   0.0000000e+00   0.0000000e+00   0.0000000e+00   0.0000000e+00   0.0000000e+00   0.0000000e+00   0.0000000e+00
   0.0000000e+00   0.0000000e+00   0.0000000e+00   0.0000000e+00   0.0000000e+00   0.0000000e+00   0.0000000e+00   1.0000000e+00   0.0000000e+00   0.0000000e+00   0.0000000e+00   0.0000000e+00   0.0000000e+00   0.0000000e+00   0.0000000e+00   0.0000000e+00   0.0000000e+00   0.0000000e+00   0.0000000e+00   0.0000000e+00   0.0000000e+00
   0.0000000e+00   0.0000000e+00   0.0000000e+00   0.0000000e+00   0.0000000e+00   0.0000000e+00   1.0000000e+00   0.0000000e+00   0.0000000e+00   0.0000000e+00   0.0000000e+00   0.0000000e+00   0.0000000e+00   0.0000000e+00   0.0000000e+00   0.0000000e+00   0.0000000e+00   0.0000000e+00   0.0000000e+00   0.0000000e+00   0.0000000e+00
   0.0000000e+00   0.0000000e+00   0.0000000e+00   0.0000000e+00   0.0000000e+00   1.0000000e+00   0.0000000e+00   0.0000000e+00   0.0000000e+00   0.0000000e+00   0.0000000e+00   0.0000000e+00   0.0000000e+00   0.0000000e+00   0.0000000e+00   0.0000000e+00   0.0000000e+00   0.0000000e+00   0.0000000e+00   0.0000000e+00   0.0000000e+00
   0.0000000e+00   0.0000000e+00   0.0000000e+00   0.0000000e+00   1.0000000e+00   0.0000000e+00   0.0000000e+00   0.0000000e+00   0.0000000e+00   0.0000000e+00   0.0000000e+00   0.0000000e+00   0.0000000e+00   0.0000000e+00   0.0000000e+00   0.0000000e+00   0.0000000e+00   0.0000000e+00   0.0000000e+00   0.0000000e+00   0.0000000e+00
   0.0000000e+00   0.0000000e+00   0.0000000e+00   1.0000000e+00   0.0000000e+00   0.0000000e+00   0.0000000e+00   0.0000000e+00   0.0000000e+00   0.0000000e+00   0.0000000e+00   0.0000000e+00   0.0000000e+00   0.0000000e+00   0.0000000e+00   0.0000000e+00   0.0000000e+00   0.0000000e+00   0.0000000e+00   0.0000000e+00   0.0000000e+00
   0.0000000e+00   0.0000000e+00   1.0000000e+00   0.0000000e+00   0.0000000e+00   0.0000000e+00   0.0000000e+00   0.0000000e+00   0.0000000e+00   0.0000000e+00   0.0000000e+00   0.0000000e+00   0.0000000e+00   0.0000000e+00   0.0000000e+00   0.0000000e+00   0.0000000e+00   0.0000000e+00   0.0000000e+00   0.0000000e+00   0.0000000e+00
   0.0000000e+00   1.0000000e+00   0.0000000e+00   0.0000000e+00   0.0000000e+00   0.0000000e+00   0.0000000e+00   0.0000000e+00   0.0000000e+00   0.0000000e+00   0.0000000e+00   0.0000000e+00   0.0000000e+00   0.0000000e+00   0.0000000e+00   0.0000000e+00   0.0000000e+00   0.0000000e+00   0.0000000e+00   0.0000000e+00   0.0000000e+00
   5.1041004e-05   1.9977906e-02   5.7073927e-02   1.1262401e-02   3.8230443e-02   5.5141624e-02   3.1208830e-03   1.1162869e-02   3.9416603e-02   8.2663593e-02   9.8549851e-02   1.0207395e-02   2.9998489e-02   1.3920235e-01   1.1668547e-02   7.5457824e-03   9.1186420e-02   5.7701680e-02   1.2697435e-01   1.0801004e-01   8.5381056e-04
   3.1066653e-04   1.5358352e-02   1.0837464e-02   7.0192315e-02   6.1220762e-02   1.0172228e-02   1.3216299e-01   2.3518579e-02   3.1148643e-02   2.6283844e-02   8.1583285e-02   5.7944974e-03   1.2459273e-01   3.3577025e-02   2.5688121e-02   2.5884876e-03   2.0554053e-02   3.9062619e-02   4.0041895e-02   1.3464284e-01   1.1066860e-01
   3.2013925e-04   5.4023440e-03   5.4140545e-03   1.7307075e-02   1.4215770e-01   6.3342006e-02   9.0530149e-02   1.4120552e-02   2.1080359e-02   2.3106814e-02   8.9209906e-02   3.0764341e-03   2.4049278e-02   7.0289522e-02   1.3578216e-01   3.8621904e-02   1.5419429e-02   1.6707268e-02   6.1230216e-02   4.9372914e-02   1.1345978e-01
   4.1567089e-04   1.2046271e-01   3.7249211e-02   1.2559094e-01   3.9905777e-02   2.9479407e-02   1.7931084e-02   3.8304234e-03   1.4837177e-02   3.3856944e-02   5.1404548e-02   1.3608937e-01   2.5771450e-02   2.6197268e-02   5.4481035e-02   3.3142191e-02   1.2289601e-01   2.4578660e-02   1.1588735e-02   6.0780071e-02   2.9511326e-02
   5.0271141e-04   3.5967789e-02   3.8127812e-02   1.5459927e-02   7.1538159e-02   5.8501420e-02   1.5003260e-02   1.0179472e-01   1.3022128e-02   2.8426833e-02   3.4457912e-02   5.2161818e-02   5.0162025e-02   1.2270792e-01   2.6270307e-02   2.8909907e-02   9.0396931e-02   1.8654560e-02   5.8459223e-03   1.0578071e-01   8.6307226e-02
   5.6448347e-04   1.2088037e-01   2.3688596e-02   2.1364274e-02   1.1981924e-01   3.9617169e-02   7.4292206e-02   5.2989875e-02   3.7273777e-02   3.2948735e-02   1.6416422e-02   1.7633014e-02   1.0062637e-02   1.1119212e-01   2.3896544e-02   2.1635562e-02   1.1896812e-01   1.0427324e-02   7.7620087e-02   2.9266773e-02   3.9442667e-02
   5.9326948e-04   7.9476457e-02   6.7237110e-02   7.5984112e-02   8.2456820e-02   9.9712014e-02   7.2085598e-02   3.1604541e-03   6.2146946e-02   1.1103081e-02   1.7191157e-02   3.6563754e-02   2.8611861e-02   9.9514694e-03   8.0944666e-02   6.8258029e-03   8.0522171e-02   7.6447126e-02   1.4637401e-02   9.0624978e-02   3.7237521e-03
   5.9862813e-04   1.2383135e-01   8.2767398e-02   9.0377329e-03   3.0615267e-04   1.0266527e-01   6.8632293e-03   1.1108415e-02   3.0600572e-02   3.2358929e-02   5.9462956e-02   7.9136389e-02   4.5807870e-03   5.1959154e-02   1.9080630e-02   3.1485356e-02   1.3289352e-01   3.0961887e-02   2.5588584e-02   1.1953856e-01   4.5174505e-02
   7.1028503e-04   1.3852146e-03   5.6554304e-02   5.0853645e-03   6.9049437e-02   8.2006193e-02   8.3652332e-02   1.4005896e-02   7.0095413e-02   1.2367888e-02   1.1458207e-03   3.0757043e-02   8.8095571e-03   1.2063169e-02   1.1098565e-01   3.8251874e-02   5.6829444e-02   1.0772317e-01   1.0592242e-01   2.9973698e-02   1.0262584e-01
   9.7097539e-04   1.2320104e-02   9.0355678e-02   3.4101839e-02   9.2579709e-02   4.4637969e-02   1.0110219e-01   5.1725851e-03   9.2147455e-02   2.2566121e-02   8.7296985e-02   4.8715996e-02   9.7211048e-02   1.8898371e-02   3.9453146e-02   8.9721973e-03   5.2370552e-02   1.9543226e-02   1.2948832e-02   1.0252647e-01   1.6108555e-02
   1.0003861e-03   9.0656009e-02   4.3730324e-02   1.3623902e-02   1.2051269e-03   5.0750592e-03   7.5895427e-02   1.8519166e-02   1.0502398e-01   6.4349375e-03   7.8491377e-02   1.3377509e-02   8.8231620e-02   1.3596308e-02   8.7983634e-02   1.0565895e-02   1.1485586e-01   1.1045461e-01   5.1798009e-02   1.9460594e-02   5.0020273e-02
   1.2828214e-03   3.2826374e-02   1.6004802e-02   1.0436419e-02   5.0700491e-03   3.1772751e-02   2.3087276e-02   1.1516537e-01   1.3635460e-01   5.9351986e-03   2.3872481e-02   1.1794938e-01   1.3252984e-02   1.4866146e-02   7.5116091e-03   1.2205078e-01   3.4673018e-02   1.2880099e-01   5.5057929e-03   1.3203979e-01   2.1541364e-02
   1.3369733e-03   1.1712532e-01   2.2164081e-02   4.8701108e-03   4.6267597e-03   1.0818150e-03   3.1185252e-02   8.0874382e-02   6.5255588e-02   1.0749145e-02   5.0299952e-02   9.5797034e-02   8.3686057e-02   9.7930383e-02   1.5991536e-02   3.4029637e-02   2.6745054e-02   9.7694505e-02   7.7544503e-02   6.9943790e-02   1.1068119e-02
   1.5200483e-03   2.1709015e-02   4.6831294e-03   1.1809218e-02   6.8930835e-02   3.4451170e-02   1.3751894e-02   4.9662545e-02   9.6271079e-03   1.2633429e-03   1.0036557e-01   1.2138655e-01   1.2821420e-01   1.4507684e-02   1.0712992e-02   4.6166534e-02   1.3190999e-01   8.1778032e-02   1.0879944e-01   6.3165273e-03   3.2434178e-02
   1.7776884e-03   8.2563218e-03   1.3485664e-01   2.8480349e-02   1.3003278e-01   1.5479318e-01   8.7927660e-03   8.1187551e-03   5.1447912e-02   4.0108437e-02   4.6436644e-03   1.4690547e-02   5.5192454e-03   6.8613163e-02   8.5329683e-02   7.8031963e-02   7.2721162e-03   4.4839069e-03   1.0778187e-01   2.9698948e-02   2.7270058e-02
   1.9740274e-03   8.1828758e-03   7.9864960e-02   2.3383798e-02   6.9396332e-02   8.1619988e-02   1.4348782e-02   7.6770154e-02   8.1839295e-02   1.0219059e-01   8.6201254e-02   7.2761967e-03   1.6127966e-02   9.1648551e-03   1.7365122e-02   7.7231831e-02   9.0234844e-02   6.9737569e-02   4.1375646e-03   7.0706965e-02   1.2245028e-02
   2.1847137e-03   1.2187819e-01   3.8097276e-02   7.2448052e-02   2.1469262e-02   1.1020299e-02   1.1271241e-01   1.9996046e-02   5.6497775e-03   2.5612046e-02   3.5771182e-03   3.1544884e-02   2.8669218e-02   7.6430860e-02   8.4148844e-02   6.0921831e-02   1.2137699e-01   1.0590128e-02   1.9517043e-02   3.2013970e-02   1.0014104e-01
   2.2861893e-03   2.0452202e-03   9.9601341e-02   7.1073505e-02   9.4424270e-02   1.7278136e-02   1.4265623e-02   6.1661106e-02   5.3517406e-02   2.8900250e-02   7.1880082e-02   8.3575260e-03   4.8021025e-03   2.9128114e-02   9.0246991e-02   1.1514164e-01   1.9091123e-02   9.3615140e-02   3.3397622e-02   8.5197132e-02   4.0894797e-03
   2.8842237e-03   1.0385024e-01   1.0517305e-01   1.2743592e-01   3.9470790e-03   4.0635132e-02   1.1174799e-01   3.7819886e-03   1.8252153e-02   2.1202897e-02   8.1941013e-03   3.9515292e-02   3.7160952e-02   3.6708635e-02   1.2900190e-01   4.9015808e-03   2.3399124e-02   1.0489374e-01   3.2649226e-02   6.4715612e-03   3.8193211e-02
   3.0306831e-03   4.6154476e-02   1.5855162e-02   1.9899481e-02   1.1832108e-01   7.7500087e-03   2.7501403e-03   7.8017824e-03   1.1816228e-01   9.5331613e-02   8.8483647e-02   6.5243061e-02   3.1736478e-03   4.1925555e-02   3.2861040e-02   2.6000756e-02   2.4687148e-02   6.0155069e-02   1.0601817e-01   5.7532646e-02   5.8862555e-02
   3.1582888e-03   4.7908304e-03   2.1847432e-02   2.6341475e-02   7.5810199e-02   1.3120832e-01   6.2889261e-03   6.0206014e-02   7.9315458e-02   1.7920249e-03   1.1922116e-02   5.8959001e-02   1.3470412e-01   5.9235929e-02   2.8034634e-03   3.3334145e-02   5.3389362e-02   1.0531487e-02   1.6214114e-02   1.3617594e-01   7.1971360e-02
   3.3577353e-03   2.5577954e-02   1.2100711e-01   1.2230673e-02   2.2417890e-02   1.0804724e-02   2.3404198e-02   2.6654209e-02   1.4139335e-01   3.7411127e-02   1.4723363e-02   2.4928082e-02   9.0555986e-02   6.8275221e-02   3.2259746e-02   8.9067697e-02   1.5897539e-02   2.2995405e-02   5.7930394e-02   7.3069169e-02   8.6038428e-02
   3.4367849e-03   3.5351951e-02   1.2466017e-01   1.2227445e-02   3.4072458e-02   7.3167771e-03   1.2507566e-03   7.0905949e-02   1.1604113e-01   9.3988268e-02   8.0924601e-03   2.4071948e-03   5.8974489e-03   3.0188210e-02   4.8752864e-02   7.0567893e-02   5.6775794e-02   1.2050962e-01   1.2214837e-01   2.4996427e-02   1.0412025e-02
   3.5837683e-03   7.9282154e-02   1.2874375e-02   8.8770242e-02   8.9555408e-02   2.5381037e-02   2.1800660e-03   1.0180280e-01   6.3111342e-02   9.9360633e-02   1.3302651e-02   3.8757632e-02   2.6938115e-02   4.2191440e-02   1.1441001e-01   1.3170653e-02   7.8758576e-02   2.4159321e-02   1.4438757e-02   5.3551270e-02   1.4419749e-02
   3.9062715e-03   7.2353664e-02   4.6695478e-02   8.9557217e-02   4.2361838e-02   7.2485282e-02   7.2783640e-03   1.3170704e-02   9.9835747e-03   2.9049344e-03   4.8297172e-03   1.0068238e-01   2.4422084e-02   5.2437596e-02   1.1984923e-01   1.8376987e-02   6.6557344e-03   1.4861363e-01   1.7870670e-02   1.4183384e-01   3.7308001e-03
   3.9291227e-03   7.8275930e-02   1.7568144e-02   7.2871952e-03   3.1825192e-02   5.7897776e-04   6.0779109e-02   1.0389434e-01   1.0376570e-01   1.0198706e-01   1.6739475e-02   9.4944962e-02   4.2907683e-02   1.1250928e-01   2.8857561e-02   1.2551988e-03   7.2686286e-02   4.6522199e-05   8.5434832e-02   2.0612017e-02   1.4115410e-02
   3.9422428e-03   1.8006593e-02   5.1298781e-02   1.1536582e-01   2.2806162e-03   9.8712801e-02   9.7688935e-02   6.1468842e-02   1.5364131e-02   1.0357469e-01   2.0736823e-02   4.5615255e-02   8.1454623e-02   6.6822529e-03   2.2979545e-02   1.0648311e-02   1.3283973e-02   6.2978286e-02   1.5742350e-02   3.3550709e-02   1.1862442e-01
   4.1891786e-03   7.1418933e-02   1.4996457e-02   1.0723376e-01   1.0881045e-01   2.0679489e-03   1.0322315e-02   9.1481995e-02   4.4812594e-02   9.3677263e-02   9.8615881e-02   2.4175122e-03   9.0665991e-02   6.3595450e-02   6.5966561e-02   2.2156391e-02   1.5395621e-02   6.1741849e-03   6.8150790e-02   3.5889035e-03   1.4261820e-02
   4.2289827e-03   1.0819391e-01   4.6438725e-03   4.1544470e-02   6.9936853e-02   4.6905911e-02   6.0507817e-02   7.4669144e-03   1.0297114e-01   1.1751205e-01   8.0104531e-03   6.4016534e-02   8.3239636e-03   2.2514256e-02   1.2970544e-03   3.8317085e-02   8.5878389e-02   4.8737349e-03   8.4750144e-02   1.4633860e-03   1.1664308e-01
   4.3605574e-03   8.2157606e-02   1.0211884e-01   1.0164311e-02   8.9263546e-02   6.8741549e-02   5.2007967e-02   1.9386945e-02   4.6391701e-02   3.3033043e-03   1.1584611e-02   8.8518846e-02   1.0893775e-01   5.1665560e-02   1.1823487e-01   8.7442186e-03   2.4633564e-02   5.8398928e-02   1.7217473e-02   7.0754428e-03   2.7092402e-02
   4.3610426e-03   5.0344515e-02   2.0506667e-02   2.2003603e-02   2.7269191e-02   1.1018973e-01   1.2351513e-01   6.1656895e-02   7.7738648e-03   2.4595788e-03   3.7939710e-03   1.2187345e-01   4.3266465e-02   2.3985740e-02   3.4300110e-02   8.2969800e-02   1.1685562e-01   6.7374689e-03   6.5135598e-02   2.0226844e-02   5.0774722e-02
   4.3731141e-03   8.9727793e-03   3.4264799e-02   4.2678967e-02   1.2740933e-01   7.3428185e-02   2.7348517e-02   9.4590576e-02   6.0464076e-02   2.3532908e-02   2.3557645e-02   1.6260697e-02   1.3394119e-01   2.4828247e-02   3.7384033e-02   2.3770481e-03   1.0705896e-01   1.0355877e-03   1.2498619e-01   1.9514859e-02   1.1992280e-02
   4.5386565e-03   1.1713914e-01   9.3113363e-03   9.9563028e-02   1.1901676e-01   3.0062322e-02   1.5498386e-02   4.2058580e-02   5.5185520e-02   9.0917715e-02   4.2503396e-03   1.0634438e-02   1.1105348e-02   4.2620217e-02   2.7681917e-02   4.9494529e-02   8.1826007e-03   2.3436860e-03   5.6194373e-02   8.6735925e-02   1.1746519e-01
   5.3614435e-03   1.7351751e-02   9.6015302e-02   3.3046805e-03   8.2185850e-03   1.6304826e-02   5.4184993e-02   1.0652748e-01   1.8637820e-02   2.3751337e-02   1.6477054e-02   3.1452209e-02   1.1243634e-01   1.5623292e-03   7.6646534e-02   9.1332827e-02   1.0117096e-01   4.0856431e-02   6.1917040e-03   1.1814906e-01   5.4066328e-02
   5.4617525e-03   1.0473525e-01   2.3605488e-03   3.4804546e-02   1.5054100e-04   5.6292564e-02   3.0930770e-02   2.2310617e-02   8.0214258e-03   1.0577669e-02   9.3317785e-02   1.3954122e-02   8.6694492e-02   1.4971877e-01   1.6238566e-03   3.4145294e-02   1.3367663e-01   1.2267930e-01   5.3919678e-02   1.9631448e-03   3.2661241e-02
   5.5198099e-03   3.1481573e-02   1.9674019e-02   8.6777075e-02   8.0248014e-02   6.2850835e-04   2.2543185e-02   2.4810439e-02   3.2475483e-03   5.2618744e-02   1.3572130e-01   1.1750930e-01   3.2390631e-04   3.9927239e-02   8.2953403e-02   7.3816742e-02   4.2397290e-02   9.9657289e-02   3.9438678e-02   7.9893829e-03   3.2716552e-02
   5.5956754e-03   4.0665533e-02   5.8458724e-02   3.3112299e-03   2.2911747e-03   1.1641977e-01   8.3356176e-02   5.9859639e-02   1.9950480e-02   3.7360999e-02   1.0568303e-01   1.6290512e-02   8.1262920e-03   2.4262259e-02   1.0311623e-01   3.5345666e-02   9.9092256e-03   2.0672916e-02   7.3832984e-02   7.6719025e-02   9.8772447e-02
   5.9341087e-03   9.8975014e-02   1.2116625e-01   1.6008646e-02   1.2888304e-02   1.1085877e-01   5.2893656e-03   7.1627323e-02   2.9846021e-02   7.7320632e-02   4.0731924e-02   4.6744648e-02   9.6040948e-03   3.1859337e-02   1.7349889e-02   1.1338155e-01   1.8120677e-02   2.7070944e-02   5.7083975e-02   7.1043443e-02   1.7095074e-02
   6.1243879e-03   2.7826422e-02   6.9321047e-03   1.0163253e-01   1.0398246e-01   4.6405323e-02   1.0086177e-01   8.0248115e-02   4.0093456e-03   7.9400620e-02   1.0536785e-01   3.7724481e-03   2.7109541e-02   5.3176426e-02   6.9010882e-02   1.0525671e-03   5.2740129e-02   4.0955072e-02   2.7987812e-03   9.2923926e-03   7.7300841e-02
   6.3282615e-03   1.4990355e-02   1.2285702e-02   2.0343892e-03   3.7323101e-02   3.5169800e-02   8.0668968e-02   2.6656710e-03   9.1269098e-03   3.4304952e-02   1.1823905e-01   8.4343836e-03   6.4015748e-02   9.1829814e-02   1.1987276e-01   5.4662746e-02   2.5595916e-02   1.2235956e-01   8.0288585e-02   3.7114292e-02   4.2689035e-02
   6.7303998e-03   8.7506922e-02   1.6037929e-02   4.2943015e-02   3.8701935e-03   8.2717561e-02   8.0884488e-02   1.8958359e-02   3.2513593e-02   2.9768357e-03   5.0573542e-02   2.9769317e-02   4.4748895e-02   1.0722280e-01   1.0012323e-02   1.3660007e-01   5.3094253e-02   4.4211247e-03   8.9166807e-02   1.0494511e-02   8.8757059e-02
   6.9714051e-03   3.9166355e-03   4.9666720e-02   7.0219855e-02   1.9897269e-02   7.6875538e-03   7.2063218e-02   9.4162452e-02   7.3351942e-03   1.2100735e-01   4.0909788e-03   2.6071173e-03   4.3452991e-02   4.4027493e-02   4.1407382e-02   8.4689288e-02   9.3714112e-02   8.6712291e-02   2.5095541e-02   4.8296528e-02   7.2978622e-02
   7.1700693e-03   7.1393305e-03   2.6303878e-03   9.0184177e-02   5.4461267e-02   1.0718782e-02   9.5755122e-02   9.2618241e-03   9.8014118e-02   9.5197660e-03   3.3103403e-02   7.5383639e-02   3.2078250e-02   1.6908788e-02   7.4066333e-02   4.8105647e-02   6.6587456e-02   9.9996205e-02   1.3369159e-02   7.4324384e-02   8.1221894e-02
   7.5701475e-03   3.0519375e-02   1.2008463e-01   5.1028764e-02   9.4132822e-02   1.6641055e-02   9.6797358e-02   2.1733619e-03   6.5363942e-02   6.9226126e-03   4.7088126e-02   7.0808396e-03   1.0366888e-02   3.1697620e-02   7.9631075e-02   3.1450718e-02   1.3669429e-01   9.4570766e-03   1.0763642e-01   4.0023425e-02   7.6394465e-03
   7.7349702e-03   8.6512057e-02   4.7306350e-02   1.0059799e-03   6.2579254e-02   1.1620247e-01   9.4514001e-02   1.1536161e-01   7.3683870e-02   2.8323921e-02   3.5293217e-02   2.7856381e-02   5.1025720e-03   4.9159664e-04   3.2027448e-02   6.2708876e-02   1.1484864e-01   6.7577315e-03   2.1077649e-02   2.0720319e-02   3.9891084e-02
   8.0311093e-03   9.1867084e-02   2.4368892e-02   1.0893473e-01   1.3905255e-02   6.5119737e-02   1.6158860e-03   1.9271857e-02   1.8965061e-02   2.0167788e-02   9.2645019e-02   5.3865386e-03   2.6076032e-02   1.2635215e-01   4.8005698e-02   1.6719559e-02   8.3679239e-02   1.3141506e-02   1.3318479e-01   4.3459908e-03   7.8216070e-02
   8.0486861e-03   1.1319614e-02   1.1821774e-01   3.2095749e-02   2.5351085e-02   8.4818372e-02   1.1762250e-01   3.1790692e-02   7.0775040e-02   3.3446159e-02   5.8420128e-02   4.4051631e-03   9.5723779e-02   1.0924600e-02   6.7470204e-02   3.4282485e-02   1.0737231e-02   7.9078959e-02   4.4913804e-02   1.1670483e-02   4.8887524e-02
   8.2664233e-03   2.4609683e-02   1.1024802e-01   1.1834404e-01   4.1535682e-03   3.7157575e-02   4.6547018e-03   1.0650004e-01   7.3745899e-02   3.8685609e-03   2.6703786e-03   3.3111423e-02   4.3298660e-02   1.0433372e-01   1.5094035e-02   5.5164033e-03   8.4133768e-02   1.1255926e-02   5.5001651e-02   1.2091448e-01   3.3121041e-02
   8.3218105e-03   3.2975041e-04   1.6631523e-02   1.1206837e-01   3.2441987e-02   2.7792663e-04   1.1389428e-02   4.7774390e-02   3.0456339e-02   6.1272135e-02   8.7647381e-02   9.4294164e-03   2.4466758e-02   1.0461567e-01   1.0866509e-01   5.4219378e-02   6.4644514e-02   8.2629678e-02   1.7640686e-02   1.0196930e-01   2.3108469e-02
   8.3830804e-03   1.1237020e-01   9.9567826e-03   7.1591372e-02   4.2618326e-04   1.1097866e-01   7.4210653e-02   1.8563445e-02   8.6430620e-02   4.0633721e-02   4.3623289e-02   2.0607020e-04   9.3267929e-02   2.6330790e-02   1.1743323e-02   1.0943416e-01   9.7976225e-03   1.1596050e-01   4.9442595e-02   4.7323950e-03   1.9166140e-03
   8.5796831e-03   2.0117347e-03   1.7645699e-02   6.7138619e-02   2.4968954e-02   9.6036487e-02   6.1571291e-02   1.0299011e-01   9.8970351e-02   1.8419397e-02   2.5365842e-02   1.9974004e-02   1.0418489e-01   6.3090333e-02   6.1817812e-02   1.0529000e-01   5.1540562e-02   2.3169482e-02   1.8118704e-02   2.5702595e-02   3.4134480e-03
   8.6253315e-03   6.4315901e-03   1.4072312e-02   4.8174600e-02   1.4461997e-01   6.1801207e-03   9.0327184e-02   7.0594702e-02   7.4120680e-02   1.1822689e-02   4.3147987e-02   4.8506375e-02   5.1346541e-03   3.2155724e-02   8.8905227e-03   7.9315252e-03   2.5168693e-02   1.0090463e-01   1.1567371e-01   3.2217347e-02   1.0529965e-01
   8.8339237e-03   1.8901977e-03   7.3801156e-02   9.4241038e-02   2.2939787e-02   8.4529798e-02   4.5611051e-02   1.6842543e-02   2.0621289e-03   1.3260558e-02   9.0346944e-02   7.1644863e-02   7.5626558e-02   1.5367299e-02   1.3708270e-03   3.3419347e-03   8.6068768e-02   6.2903305e-02   5.6353337e-02   7.9384616e-02   9.3579365e-02
   9.3640526e-03   6.7496774e-02   1.0679262e-02   2.4584552e-02   2.0735498e-02   1.8423346e-02   1.0790482e-01   8.0690075e-02   1.1263422e-02   2.3960817e-02   1.1982997e-01   2.8306341e-02   9.1772579e-02   8.6268184e-03   7.2495533e-02   1.1912243e-01   8.3550889e-02   2.4842354e-02   6.1926682e-02   1.7165588e-03   1.2707228e-02
   9.3893213e-03   1.8027966e-03   3.9578354e-03   1.1759008e-01   9.5137550e-02   2.2395943e-02   1.5812236e-02   5.1929475e-03   1.1214911e-01   7.3959205e-03   5.0229843e-03   1.9212019e-02   4.7257104e-02   3.5518830e-02   2.3362943e-02   1.2400233e-01   1.2399506e-01   4.9169771e-02   4.1233541e-02   1.0585844e-01   3.4543236e-02
   9.3918204e-03   1.2722447e-02   1.2817010e-01   8.9041968e-02   2.7081813e-02   1.1617720e-01   4.8522809e-03   9.3092378e-02   2.3931041e-02   3.7650471e-03   9.4688872e-03   7.6637598e-03   1.1061283e-01   9.7076392e-02   2.5133219e-02   3.3877658e-02   4.0885805e-02   7.3357164e-02   4.2191360e-03   4.4254994e-02   4.5224052e-02
   9.4043690e-03   5.8508182e-03   5.1052713e-02   1.1996018e-01   9.6566992e-02   1.0790669e-01   4.9250018e-02   5.9088875e-02   3.8445402e-02   5.8021685e-02   7.2446148e-02   8.7818814e-02   4.6609151e-02   2.6704277e-02   2.9794129e-03   1.6057891e-03   8.9850407e-02   3.2785914e-02   5.7658466e-03   2.9893894e-02   7.9926129e-03
   9.6000597e-03   1.4249922e-02   6.4949494e-02   9.2457728e-02   2.1574816e-02   1.1986039e-02   1.3678605e-02   6.7122419e-02   1.1839186e-02   1.3475095e-02   6.9404704e-04   8.9852458e-02   6.8187417e-02   7.8156798e-02   1.3588300e-03   1.0828057e-01   8.1954623e-02   1.1340280e-01   3.9284479e-02   7.4602962e-02   2.3291648e-02
   9.6992536e-03   1.0218441e-01   2.9965029e-02   6.0681308e-03   1.1920667e-02   3.4042025e-03   4.0785183e-02   1.0454019e-01   3.8580267e-02   7.2688275e-02   2.6534613e-03   7.9574410e-03   1.1001469e-01   1.1415706e-01   7.8275595e-02   3.1312168e-02   6.7001726e-02   1.2311505e-01   1.5446842e-02   1.2431891e-02   1.7798459e-02
   1.0002444e-02   5.3137051e-03   7.9455745e-02   3.6623138e-02   8.0850252e-02   1.1928052e-01   7.9854437e-03   3.4063106e-02   5.4192667e-02   3.1680870e-02   2.5227622e-03   8.0717408e-02   5.1951875e-03   7.2209605e-03   1.2410191e-01   4.3132983e-02   1.2483522e-01   5.2808489e-02   6.5108101e-02   3.4002181e-02   9.0691108e-04
   1.0735136e-02   1.9441916e-02   1.1887150e-01   1.6590883e-01   1.2503416e-01   2.4707795e-02   1.1190869e-02   1.2500399e-01   5.1996869e-02   1.5441785e-02   1.0791086e-02   4.4160497e-02   4.5389450e-02   1.9026325e-03   1.6507965e-02   3.1173485e-02   1.0901858e-01   4.0465826e-03   1.7336277e-02   2.2089091e-02   2.9251498e-02
   1.0783877e-02   6.3449213e-02   1.0605231e-01   1.0381537e-01   8.9726880e-02   3.8432046e-03   4.4291102e-02   9.0537369e-03   7.9285806e-02   1.0607703e-01   3.4154030e-02   7.0846514e-02   5.5565685e-02   2.6582974e-02   1.0161807e-02   4.2849605e-02   8.4072660e-03   2.3287017e-02   5.2139195e-04   6.6523339e-02   4.4721841e-02
   1.0826108e-02   8.5241782e-02   1.5325185e-02   7.7266892e-02   1.2972723e-02   8.7969914e-02   7.6977141e-02   9.4182272e-02   2.9252181e-02   1.6263825e-02   9.3594988e-02   1.1363338e-02   1.2371611e-02   1.7729503e-02   8.7333826e-02   2.3583895e-02   8.5722034e-02   1.0379948e-01   5.7711681e-02   2.6522174e-04   2.4640002e-04
   1.1041053e-02   8.7773001e-03   3.1305335e-02   7.0810875e-02   1.2460382e-01   3.6556199e-02   1.3514443e-02   1.9754441e-02   1.1374290e-01   7.9826665e-03   1.2808943e-01   9.6517971e-03   2.0253649e-02   1.2756232e-01   1.9032991e-02   6.1023212e-02   6.0638311e-04   3.0373009e-02   4.6680427e-02   8.7714417e-02   3.0923336e-02
   1.1454035e-02   5.3967479e-02   2.5532454e-02   3.4620077e-03   9.0212979e-04   5.6201077e-02   1.3810542e-01   1.2058633e-02   1.2911724e-01   1.4306108e-01   1.1019584e-01   9.6108118e-02   2.0312804e-02   5.1176425e-02   2.2858476e-02   3.2173178e-02   8.1803021e-03   1.7171441e-03   5.2075327e-02   2.6401017e-02   4.9398165e-03
   1.1517850e-02   3.6975036e-02   4.1552200e-02   5.3914432e-03   3.4704680e-02   3.7932408e-04   9.2995799e-02   4.3423639e-02   3.0718020e-02   5.6509919e-02   5.7952286e-02   6.0965297e-02   8.9713756e-02   3.0982247e-03   7.5508652e-03   1.3559247e-01   7.4773035e-02   5.9097984e-02   2.0383834e-02   2.3128972e-02   1.1357536e-01
   1.1624307e-02   4.8373995e-02   8.7694734e-02   9.9446012e-02   1.6522578e-02   1.0600136e-01   2.4764472e-02   1.1426775e-01   2.8250975e-02   8.2101938e-03   6.4014798e-02   2.9583396e-03   4.1449201e-02   4.1332947e-03   1.9568780e-02   2.8351442e-02   1.0744057e-01   1.1968246e-02   8.1130419e-02   3.3270913e-02   6.0557617e-02
   1.1915649e-02   2.9597684e-02   6.1617071e-02   3.3282901e-02   8.9658884e-03   1.5652303e-03   9.7388566e-02   4.1263395e-02   1.4476100e-02   6.8125599e-02   1.3048889e-01   1.7018540e-03   4.7213739e-02   1.2059800e-01   6.7736832e-02   8.9140119e-02   7.8128970e-02   2.1204795e-02   1.9505669e-03   4.8317514e-02   2.5320638e-02
   1.2544396e-02   3.5528335e-02   8.1129155e-02   6.2680353e-02   2.5865161e-02   1.1389164e-02   2.6198949e-02   3.5184193e-02   1.0925943e-01   3.4622235e-02   1.3834150e-02   1.7402062e-02   9.2770335e-02   9.4818858e-05   8.4304133e-03   3.9605332e-04   1.2013062e-01   1.1219758e-01   8.7272831e-02   9.3519582e-02   1.9550188e-02
   1.2922366e-02   1.1213169e-01   9.1428730e-02   3.8503002e-02   6.1209019e-03   2.0508688e-02   7.4866504e-03   1.0700715e-02   2.8680023e-03   1.3092766e-01   3.8489922e-02   1.8879421e-02   5.3346018e-02   1.2917058e-01   3.4048103e-03   3.8052796e-02   5.8716054e-02   4.9559741e-02   6.9480840e-02   1.4270306e-02   9.3031101e-02
   1.4074263e-02   5.2445949e-02   4.2325153e-02   2.3759882e-02   1.3233283e-02   9.3983766e-02   1.2349161e-01   1.0638152e-02   1.8171055e-02   7.5576834e-02   1.2547660e-01   6.3339872e-02   3.7354379e-02   9.9619075e-03   1.4371702e-02   1.0441032e-01   2.9218828e-03   9.9892641e-02   2.3246669e-03   7.8008520e-05   7.2168067e-02
   1.4185864e-02   4.3558724e-03   8.1874597e-02   1.0233526e-01   8.7026124e-02   5.0903367e-02   4.4320693e-02   1.1747954e-01   1.0816239e-02   6.7338003e-03   4.1870968e-02   7.6505067e-02   3.2424192e-02   1.1418444e-01   1.0837110e-02   1.4956005e-02   2.5558884e-03   9.8455896e-02   2.1997045e-02   5.7761936e-03   6.0405839e-02
   1.4444180e-02   4.3213858e-03   8.7391136e-02   1.5343637e-02   8.8426361e-02   1.2649627e-01   2.3263606e-02   9.6477635e-02   6.8626114e-02   6.2313923e-02   2.0406678e-02   4.3859108e-02   6.2356133e-02   1.9881306e-02   3.3177384e-02   4.2814895e-03   1.7317921e-03   6.3365946e-02   3.0484799e-02   1.3273935e-01   6.1176602e-04
   1.4474797e-02   6.9095574e-02   1.2577220e-01   1.0188195e-02   1.0498425e-01   8.8367879e-02   1.0777395e-02   3.6295558e-02   7.0192478e-03   4.3335984e-02   6.0475172e-02   1.4174066e-03   7.6552067e-02   7.8269024e-02   3.8071896e-02   2.3402980e-03   2.9417035e-02   4.8505207e-02   1.2470757e-01   5.9481700e-03   2.3985073e-02
   1.4801459e-02   1.3359359e-01   2.0750273e-02   3.9764597e-02   7.9514701e-03   3.3212242e-02   1.3296355e-01   8.9592899e-02   4.0239520e-03   1.1433788e-01   4.5301347e-03   2.3602443e-02   6.5169926e-02   1.0466363e-01   1.1111117e-01   6.9158377e-03   1.0695562e-02   6.8271614e-03   6.4648117e-03   1.9763555e-02   4.9263855e-02
   1.5342059e-02   7.9744782e-02   3.4663471e-02   9.4752647e-02   8.0714269e-02   4.6882019e-02   1.0271080e-02   1.6958401e-02   3.1172161e-03   6.2944713e-02   1.0327102e-02   3.2865945e-02   1.0327847e-01   7.3021958e-03   1.0377384e-01   1.8108382e-02   7.0650567e-02   1.1764936e-02   3.1353138e-02   5.8948589e-02   1.0623618e-01
   1.5419011e-02   1.8796591e-02   1.3945443e-01   1.7947434e-03   1.4675381e-01   3.2620642e-02   2.3292945e-02   3.3939337e-02   8.5301288e-02   1.1379782e-01   1.5481179e-02   1.6628598e-02   1.3277834e-02   3.7124806e-02   4.6608018e-02   3.8637895e-02   5.5479271e-04   2.9311440e-02   6.9996427e-02   5.3388300e-02   6.7820100e-02
   1.5574088e-02   1.0876436e-01   2.5805564e-02   5.6000083e-02   1.2887493e-02   9.5835803e-02   9.1133731e-02   1.1524530e-01   5.1091612e-03   2.0776757e-02   3.3113394e-02   3.4027871e-02   1.0419872e-01   2.6821884e-03   2.8740308e-03   3.4275084e-02   6.9500498e-02   2.0523443e-02   3.6746031e-02   1.1237762e-01   2.5487859e-03
   1.5605941e-02   1.2935968e-01   3.8666762e-02   2.1328938e-03   1.3172826e-01   5.3288155e-02   2.2062420e-02   1.0717645e-02   1.0710467e-01   4.3036684e-02   8.8273782e-03   3.8723499e-02   1.2925730e-01   3.2519665e-02   6.4585644e-03   4.0221398e-02   2.0874396e-02   8.3745050e-02   3.4206073e-02   3.9200304e-02   1.2263261e-02
   1.6090404e-02   8.3476213e-02   4.0318496e-02   6.7917987e-03   1.3220080e-01   2.3905589e-03   1.1430437e-02   2.5342110e-02   1.6575182e-02   3.2365722e-02   4.5117645e-02   9.2071553e-02   1.5140710e-01   2.9129972e-02   1.6209206e-02   1.0964977e-01   2.8188409e-02   1.8054258e-02   7.5947680e-03   1.1445760e-01   2.1137998e-02
   1.6098536e-02   5.7158929e-02   4.0890123e-02   1.2396563e-01   6.0528056e-02   3.5924257e-02   5.5882258e-02   3.8749275e-02   1.1353097e-01   1.1429661e-01   2.8026227e-03   6.6599284e-02   1.2262475e-01   7.3239222e-03   1.2287300e-02   1.3516627e-02   4.3211729e-03   1.6095062e-02   8.3777047e-02   7.1634897e-03   6.4640794e-03
   1.6232627e-02   5.7528041e-02   3.2029430e-02   1.3739311e-02   1.1590843e-02   1.5978157e-02   3.9946730e-02   3.5585212e-02   8.9530345e-02   8.6269262e-04   8.2357334e-02   2.2433037e-03   1.1478007e-01   4.6417379e-03   8.4665765e-02   1.0264368e-01   1.7807547e-02   1.1206619e-01   1.0565298e-01   4.4825847e-02   1.5292153e-02
   1.6334593e-02   6.0663832e-03   1.1233282e-03   3.8191364e-02   9.2346438e-02   1.6288729e-02   8.7360630e-03   2.1385044e-02   2.0071424e-02   6.7827279e-02   2.5050832e-02   1.3823042e-02   9.7054834e-02   9.3582056e-02   6.3410846e-02   5.5110651e-02   9.5532114e-02   6.5674895e-02   7.6868713e-02   5.5867855e-02   6.9653517e-02
   1.6919308e-02   3.0653996e-02   5.8739923e-03   5.3430351e-02   4.7161855e-03   6.7732000e-05   6.3689267e-02   1.8167224e-02   8.1674607e-02   5.3184261e-02   1.1564076e-01   1.3909144e-04   3.3546085e-02   4.7556278e-02   1.4378708e-02   7.1447036e-02   5.1388243e-02   3.2250317e-02   8.8229150e-02   1.1282516e-01   1.0422225e-01
   1.7694254e-02   1.1699122e-01   1.2790179e-01   1.8736748e-02   1.4813957e-01   5.1220529e-03   8.1865649e-02   2.9408745e-02   5.1197430e-02   3.6296389e-02   2.5577731e-03   1.4580837e-01   2.2050583e-02   1.8125243e-02   6.1459741e-02   5.3799159e-03   7.5210929e-03   6.2068700e-02   6.6515345e-03   2.3034658e-02   1.1988540e-02
   1.7830099e-02   4.3775912e-02   1.5941249e-03   1.3683874e-02   1.2065064e-01   2.3194297e-02   3.0577818e-02   2.7991649e-02   7.0169674e-03   1.1149640e-01   1.0763086e-01   2.3251756e-02   3.8015829e-02   2.0596535e-02   4.5164628e-03   2.0624835e-02   8.4735153e-02   8.4443618e-02   8.4314883e-03   8.7000678e-02   1.2294100e-01
   1.8579648e-02   8.6593523e-03   6.0457569e-02   1.1811217e-01   1.3343356e-01   5.0423148e-02   8.8597315e-02   1.0682847e-03   8.6198202e-02   6.7650815e-03   9.2410345e-02   3.5007285e-02   4.7614649e-02   2.4070228e-02   6.9863562e-03   2.1515157e-02   5.9160773e-02   1.8030592e-02   9.7407450e-02   1.5191201e-02   1.0311628e-02
   1.8594060e-02   1.1069093e-02   3.2142676e-02   2.9910801e-02   1.2325902e-01   8.3483180e-03   4.2737361e-03   1.0864463e-01   6.0330320e-02   7.3147052e-02   2.1396072e-03   3.6719595e-02   8.0653680e-03   5.0671774e-02   9.7351944e-03   1.2368959e-01   9.9991507e-02   5.5086558e-03   8.4780718e-02   7.2303872e-02   3.6674415e-02
   1.8714644e-02   1.1356244e-01   5.7372486e-03   4.1247082e-02   1.3840223e-02   8.1636618e-02   6.0582690e-03   1.3427171e-01   9.6622777e-03   9.5678269e-02   7.4380270e-02   4.9549220e-02   1.3334184e-01   1.4559654e-02   1.3012363e-03   1.0679279e-01   4.0075005e-03   3.9991435e-02   2.8313790e-02   5.0994928e-03   2.2253986e-02
   1.8907710e-02   8.7002653e-03   5.5584428e-02   3.8144697e-02   1.1895914e-01   1.6142069e-02   9.4258992e-02   1.1771031e-01   1.3596735e-02   8.7385664e-02   1.1889679e-02   1.0535192e-01   8.0128720e-03   5.5560442e-03   1.0346671e-01   7.3017856e-03   6.6370029e-02   7.1929848e-02   2.0888238e-02   1.4002063e-03   2.8442659e-02
   1.9397260e-02   1.6276018e-03   1.0017968e-01   6.9819268e-05   4.2939929e-02   6.9765731e-03   8.9340689e-02   7.6082336e-02   5.6171511e-02   5.5702615e-02   1.0069191e-02   6.3720007e-02   3.9735168e-02   1.1003911e-01   6.8880092e-02   6.0187588e-02   9.2519261e-02   1.9092742e-02   1.6957081e-03   7.0134878e-02   1.5438243e-02
   1.9498857e-02   5.0185297e-03   9.4678049e-02   3.9843550e-02   3.2889303e-02   5.3079006e-02   1.1055784e-01   1.2751622e-02   1.3246124e-02   1.8788407e-02   1.0635718e-01   3.8436744e-02   1.9629056e-02   8.3580658e-02   8.2734343e-02   1.0196795e-01   6.3174339e-03   1.9874745e-02   1.0059581e-01   9.1735391e-03   3.0981256e-02
   1.9574485e-02   2.4736881e-02   1.0630989e-02   1.1812750e-01   1.1712232e-01   4.1679737e-02   1.7532133e-02   1.3597058e-02   1.5306612e-02   1.1887894e-02   2.8311186e-02   4.0801242e-02   5.5869360e-03   4.6995534e-02   1.0263814e-01   1.3769921e-02   1.1901001e-01   9.3057863e-02   5.5586591e-02   1.3091587e-02   9.0955374e-02
   1.9713682e-02   1.0398469e-01   4.2785155e-02   1.0568195e-01   6.9041057e-03   6.4303088e-02   3.3973289e-02   4.6776454e-03   3.6636851e-02   7.2833643e-02   1.2725282e-03   6.5545627e-02   2.8717031e-02   7.5218157e-02   2.9560567e-02   8.3704090e-02   4.6919311e-03   1.0546464e-01   1.4177009e-02   4.1984892e-03   9.5955833e-02
   1.9771382e-02   1.1647722e-01   1.2644524e-01   5.0245147e-02   2.6945469e-02   6.1928518e-02   1.4674991e-02   1.1278817e-02   1.3058697e-01   9.1400446e-04   1.1490926e-02   7.5177554e-03   3.8919177e-02   2.6076099e-03   2.8178442e-02   1.1440174e-01   3.0131134e-02   6.5351928e-02   1.0252144e-01   1.4945316e-02   2.4666767e-02
   1.9940182e-02   6.1571759e-02   1.2254490e-02   1.3358192e-02   6.2030637e-02   1.0822154e-01   4.7011659e-03   3.5292802e-03   1.0134509e-01   2.1978569e-03   1.2413472e-01   3.8896796e-02   1.2986310e-02   2.0036665e-02   3.0832159e-02   9.4908994e-02   4.6302754e-02   8.7383501e-02   8.6249555e-02   3.7621770e-02   3.1496580e-02
   1.9969936e-02   7.1576293e-02   6.2141269e-02   1.0761563e-02   6.8484922e-03   8.6474788e-02   4.6234291e-02   1.9916538e-02   1.0871685e-01   3.8199197e-02   3.5774748e-02   6.1092629e-02   5.3393723e-03   5.7386140e-02   2.1771602e-02   2.8645293e-02   1.1678845e-01   9.5941212e-02   9.6334579e-02   9.9232863e-03   1.6347227e-04
   2.0070181e-02   7.8476168e-02   1.9505099e-02   1.5285915e-02   9.6888851e-02   9.8127397e-02   1.0269354e-01   1.7816381e-03   1.2664554e-01   8.2322086e-03   9.3920047e-02   8.1903741e-03   1.6587303e-02   5.6111483e-03   6.0997011e-03   9.1406620e-03   5.5451468e-03   7.4427295e-02   7.7433623e-02   1.2739767e-01   7.9404947e-03
