   0.0000000e+00   0.0000000e+00   0.0000000e+00   0.0000000e+00   0.0000000e+00   0.0000000e+00   0.0000000e+00   1.0000000e+00
   0.0000000e+00   0.0000000e+00   0.0000000e+00   0.0000000e+00   0.0000000e+00   0.0000000e+00   1.0000000e+00   0.0000000e+00
   0.0000000e+00   0.0000000e+00   0.0000000e+00   0.0000000e+00   0.0000000e+00   1.0000000e+00   0.0000000e+00   0.0000000e+00
   0.0000000e+00   0.0000000e+00   0.0000000e+00   0.0000000e+00   1.0000000e+00   0.0000000e+00   0.0000000e+00   0.0000000e+00
   0.0000000e+00   0.0000000e+00   0.0000000e+00   1.0000000e+00   0.0000000e+00   0.0000000e+00   0.0000000e+00   0.0000000e+00
   0.0000000e+00   0.0000000e+00   1.0000000e+00   0.0000000e+00   0.0000000e+00   0.0000000e+00   0.0000000e+00   0.0000000e+00
   0.0000000e+00   1.0000000e+00   0.0000000e+00   0.0000000e+00   0.0000000e+00   0.0000000e+00   0.0000000e+00   0.0000000e+00
   7.8895665e-05   1.9413235e-02   1.8649375e-01   6.5784713e-04   3.1009585e-01   1.5703404e-01   9.1024234e-02   2.3520215e-01
   7.5412887e-04   2.7143888e-01   6.8839584e-02   3.1352503e-01   1.5212610e-01   2.3966922e-02   1.6302357e-01   6.3257827e-03
   7.8531310e-04   2.4580634e-01   1.8211206e-01   4.4311260e-02   3.5338213e-02   2.2875842e-01   2.5375258e-01   9.1358184e-03
   1.3263291e-03   2.3244617e-01   3.0982298e-02   4.2512626e-02   9.7355706e-02   2.1507478e-01   1.9605413e-01   1.8424797e-01
   1.6136230e-03   2.9846944e-01   3.0056779e-02   2.5644491e-01   1.7242265e-03   1.1847301e-01   2.3927484e-01   5.3943175e-02
   1.7439001e-03   2.2173066e-02   2.4251625e-02   2.5756363e-01   1.5713312e-02   1.0691802e-03   2.9137399e-01   3.8611130e-01
   2.2412236e-03   1.3463019e-01   1.0508904e-01   4.5951106e-04   3.3987498e-01   4.4988178e-02   2.5039208e-01   1.2232480e-01
   2.3936733e-03   9.1083727e-04   2.3267529e-01   2.6476762e-01   5.0457678e-02   1.6299489e-01   8.0690345e-02   2.0510966e-01
   2.5652802e-03   1.1411297e-01   7.4719552e-03   3.6703876e-01   1.7350603e-01   6.3887433e-02   6.3450226e-03   2.6507255e-01
   2.9665155e-03   4.2735513e-02   2.1135498e-01   8.7954179e-03   4.2796552e-01   1.7381043e-01   1.1451159e-01   1.7860029e-02
   3.1751632e-03   6.7456147e-02   8.1534799e-02   2.1236741e-01   4.2896030e-02   2.8496157e-01   2.7472480e-01   3.2884076e-02
   3.1868817e-03   1.0076928e-01   2.7171302e-01   1.0319429e-02   3.1563904e-01   2.3603371e-02   3.2760126e-03   2.7149296e-01
   3.4052532e-03   9.9099774e-02   1.2268039e-01   1.2071467e-01   4.2048887e-01   1.3540923e-01   1.5536164e-02   8.2665637e-02
   3.5437757e-03   4.3054879e-02   2.0332879e-01   2.1035158e-01   1.9947028e-01   8.8947623e-03   2.4074686e-01   9.0609066e-02
   3.7610181e-03   2.8509111e-02   8.4741225e-02   2.6615805e-01   2.4194216e-01   3.0141088e-01   2.1345110e-03   7.1343040e-02
   3.8067480e-03   7.0638912e-02   1.1548970e-01   1.6102130e-03   1.6256180e-01   2.2364298e-02   3.1311084e-01   3.1041749e-01
   3.8163127e-03   1.9141550e-01   1.3798154e-02   9.2927752e-03   2.5645028e-01   1.3723016e-01   1.9186049e-01   1.9613634e-01
   4.1656405e-03   1.1167615e-01   2.5726280e-01   5.0912624e-02   5.5173352e-02   2.4953374e-01   5.4768629e-02   2.1650707e-01
   4.1857176e-03   6.2661236e-02   3.4705186e-01   7.5608226e-02   4.7724808e-03   3.4107681e-02   4.3365907e-01   3.7953728e-02
   4.9764603e-03   2.9114134e-01   3.3691596e-01   5.3459224e-02   5.2221272e-02   1.7220981e-01   6.6162933e-02   2.2913001e-02
   5.5157917e-03   2.6067543e-01   7.2694462e-02   2.2384568e-01   2.0787427e-01   8.4941453e-02   9.9755093e-03   1.3447740e-01
   5.8446000e-03   1.4437358e-01   4.0385317e-01   6.5649330e-05   1.5883860e-01   2.0176341e-02   2.3844660e-01   2.8401465e-02
   6.1733197e-03   3.8444222e-02   3.1369422e-01   2.4971420e-01   5.4211100e-03   1.0943782e-01   2.6167849e-01   1.5436618e-02
   6.5685478e-03   3.0658376e-01   1.3501041e-01   4.3297728e-02   2.6707588e-03   2.6022831e-01   7.2914749e-02   1.7272573e-01
   6.7148880e-03   1.7788034e-01   8.4153998e-03   3.3485498e-02   1.2022825e-01   4.4780342e-01   1.1540477e-01   9.0067436e-02
   6.9175097e-03   1.4129155e-01   1.0394022e-01   2.4088023e-02   8.7833983e-03   4.2032171e-01   2.0256029e-02   2.7440155e-01
   7.2867755e-03   2.6087144e-01   2.8267685e-01   1.7234433e-02   2.4330934e-01   7.3223585e-02   2.7168335e-02   8.8229238e-02
   7.7109082e-03   5.7348404e-02   3.0033219e-01   2.5531730e-01   1.1627703e-03   2.5766302e-02   2.3179117e-02   3.2918301e-01
   8.0964752e-03   1.2449506e-02   1.4776809e-01   2.0907446e-01   4.2225963e-02   1.9328207e-02   2.9770776e-01   2.6334954e-01
   8.1725025e-03   2.1975226e-01   1.5469613e-02   7.7883850e-02   3.3384722e-01   2.5356746e-01   8.5837775e-02   5.4693215e-03
   8.4487057e-03   1.0717455e-01   1.2724095e-02   2.3132936e-01   1.3859993e-01   3.3381040e-01   1.0175794e-02   1.5773716e-01
   8.7562144e-03   1.6921454e-01   3.2004269e-01   3.5072268e-01   3.0355151e-02   9.6017777e-03   8.6148654e-02   2.5158301e-02
   9.0126994e-03   5.9946193e-02   3.6764315e-01   3.8565697e-03   1.8449338e-01   1.0494799e-01   3.7659386e-02   2.3244064e-01
   9.9819060e-03   4.4177161e-02   3.7031809e-01   9.9155131e-02   7.2447669e-03   1.5087613e-01   2.0983352e-01   1.0841329e-01
   9.9927959e-03   7.6667986e-02   1.0995543e-01   3.0868529e-01   7.5223615e-02   3.0840007e-03   9.1759165e-02   3.2463172e-01
   1.0596802e-02   3.0518536e-02   2.8838332e-01   1.4500460e-02   1.6998563e-01   2.2939015e-01   1.4818660e-01   1.0843850e-01
   1.0678422e-02   3.1141504e-01   2.9921794e-02   2.9757539e-01   9.0274821e-03   2.1415283e-02   1.5205618e-01   1.6791042e-01
   1.1072702e-02   1.7251054e-01   2.1794889e-01   2.6695313e-01   6.8670101e-02   1.1222704e-02   2.0533464e-01   4.6287285e-02
   1.1470265e-02   4.4512521e-02   5.4395888e-02   2.5996570e-01   2.5395762e-01   2.0595748e-02   3.2942079e-01   2.5681476e-02
   1.2129059e-02   2.1584990e-01   1.4301768e-01   8.3364006e-02   3.9861374e-02   2.0379777e-04   2.4567648e-01   2.5989771e-01
   1.2294102e-02   3.6888001e-02   5.2004577e-02   2.0486053e-01   6.3640175e-02   2.1134316e-01   1.5230200e-01   2.6666746e-01
   1.2301202e-02   3.4813629e-01   2.6229166e-02   1.4902640e-02   2.1572999e-01   3.4033128e-01   1.7287515e-02   2.5081917e-02
   1.2377163e-02   2.4169050e-01   4.4672861e-01   3.1865742e-02   1.4796378e-02   4.9839769e-02   1.6691695e-02   1.8601015e-01
   1.2451323e-02   1.4916071e-01   2.3703203e-01   2.6729569e-01   2.8408795e-02   1.7477458e-01   1.2474604e-01   6.1308263e-03
   1.3172169e-02   3.3860769e-02   8.7057107e-02   1.4236106e-01   2.3170349e-01   9.5812697e-02   2.1297991e-01   1.8305279e-01
   1.3317056e-02   1.3833974e-01   2.4203504e-02   1.4650145e-01   2.4273922e-02   6.3380237e-02   1.1955084e-01   4.7043326e-01
   1.3558937e-02   2.2262598e-01   2.8053079e-02   2.7950690e-01   3.1219552e-03   3.1415453e-01   8.5889392e-02   5.3089229e-02
   1.3752684e-02   2.8321837e-01   3.4127921e-02   1.5371747e-02   2.3852824e-02   1.6590421e-03   4.3910050e-01   1.8891691e-01
   1.4511327e-02   3.0797966e-01   2.5995365e-02   3.3511996e-02   2.2846224e-01   4.4101606e-02   3.4257222e-01   2.8655912e-03
   1.4529980e-02   2.4332518e-01   1.9867893e-01   6.2873908e-03   2.6591364e-01   4.3476288e-02   2.1063275e-01   1.7155838e-02
   1.6285718e-02   4.8746003e-02   6.4097169e-02   2.4264198e-01   1.0447191e-02   1.3415942e-01   3.9520986e-01   8.8412669e-02
   1.6304291e-02   8.1372987e-03   1.6406365e-01   2.5327482e-01   1.0919209e-01   1.7789181e-01   2.1808528e-01   5.3050753e-02
   1.6493005e-02   3.8635875e-03   2.8334166e-01   7.0066604e-02   7.7204488e-02   7.1744799e-02   2.2626707e-01   2.5101878e-01
   1.6555146e-02   6.5392541e-02   3.6595462e-01   9.3346570e-02   7.6405069e-03   1.2417567e-01   5.9857117e-02   2.6707783e-01
   1.6890806e-02   2.0282827e-01   1.3294440e-03   2.0116740e-01   1.0416927e-01   2.0090324e-01   1.6135287e-01   1.1135869e-01
   1.8146621e-02   2.9722799e-01   3.0365994e-01   5.0737255e-02   1.1081775e-01   1.7277551e-02   1.9465244e-01   7.4804451e-03
   1.8975332e-02   1.7267552e-01   1.4692329e-01   6.2347520e-03   2.3041475e-02   5.4133912e-01   2.8191922e-02   6.2618596e-02
   1.9661977e-02   9.5424906e-03   5.4396875e-02   4.8849726e-02   6.2466746e-02   3.3589243e-01   2.6954698e-01   1.9964278e-01
   1.9762573e-02   1.7127001e-01   4.4352307e-01   1.7119345e-01   4.5430067e-03   3.5215128e-02   7.8501378e-02   7.5991378e-02
   2.0164449e-02   1.5364183e-02   4.3957411e-04   2.8965925e-01   2.8008011e-01   1.5336978e-01   2.0789586e-02   2.2013306e-01
   2.1119150e-02   1.3484514e-01   1.2142214e-01   6.7676549e-03   2.1219144e-01   4.1063831e-02   3.8940447e-01   7.3186168e-02
   2.1683021e-02   1.7425172e-01   2.4097631e-01   3.4444590e-02   1.6728838e-01   5.0673288e-02   1.7230146e-01   1.3838123e-01
   2.2003263e-02   3.0112109e-01   8.4591133e-02   1.5196362e-01   2.4232672e-01   2.6399581e-02   1.2874858e-01   4.2846011e-02
   2.2939451e-02   2.3739664e-02   3.8676981e-02   1.4403841e-02   1.0776207e-01   2.2939451e-02   2.7607362e-01   4.9346492e-01
   2.2977385e-02   4.3189412e-02   1.1853754e-02   1.1255958e-01   9.0607745e-02   1.0430658e-01   2.6048700e-01   3.5401855e-01
   2.3314286e-02   1.1680000e-01   3.2914286e-02   4.4342857e-01   2.4502857e-01   9.1428571e-04   2.1028571e-02   1.1657143e-01
   2.3359627e-02   1.1653474e-01   4.3905479e-03   8.9559752e-02   3.5578421e-01   1.6569598e-01   8.4548989e-02   1.6012616e-01
   2.3789267e-02   8.4616213e-02   4.3397179e-01   1.3645817e-01   1.5603159e-02   2.4574739e-01   5.2635039e-02   7.1789733e-03
   2.5469390e-02   3.9351730e-01   1.1696580e-01   1.4736617e-02   5.6841131e-02   2.5730476e-01   1.1901658e-01   1.6148416e-02
   2.5626894e-02   3.6428768e-01   7.0818407e-02   3.9129237e-02   4.3235051e-01   1.7635712e-02   4.9049325e-02   1.1022320e-03
   2.5638674e-02   7.6428537e-02   1.1062222e-04   2.5989155e-01   3.6048956e-01   1.9275288e-01   1.5061350e-02   6.9626821e-02
   2.5692117e-02   2.8224624e-01   1.8019317e-02   1.1549560e-02   1.7816019e-01   2.2338264e-02   2.3781579e-01   2.2417853e-01
   2.6513287e-02   1.7747978e-02   9.5651335e-02   1.5943745e-02   3.4186795e-03   3.4316111e-01   4.4900098e-02   4.5266376e-01
   2.6808197e-02   8.7033148e-02   3.2119426e-02   1.8513078e-01   4.8888301e-02   4.2254758e-01   1.0392978e-01   9.3542783e-02
   2.7061641e-02   1.2627482e-01   2.5089649e-02   5.6720264e-02   5.6609649e-02   2.9284276e-01   3.9445946e-01   2.0941760e-02
   2.7533134e-02   1.2547356e-01   2.5558560e-01   1.4761195e-01   1.3354633e-01   3.4716748e-02   2.5511634e-02   2.5002104e-01
   2.8574121e-02   1.5612673e-02   1.0327621e-01   2.3169916e-01   2.7060751e-01   1.6475776e-01   9.1768679e-02   9.3703883e-02
   2.8784570e-02   1.0303409e-01   3.5266041e-01   2.8712356e-01   1.8361853e-01   2.6800133e-02   6.7145813e-03   1.1264129e-02
   3.0000198e-02   2.7054874e-01   5.4648731e-02   1.3907649e-01   2.6295364e-02   4.5828543e-01   1.5955810e-02   5.1892475e-03
   3.3033749e-02   2.7463838e-01   1.8125738e-02   6.5397998e-02   2.5994249e-02   2.9270776e-01   2.8484710e-01   5.2550286e-03
   3.4171138e-02   7.8226490e-02   4.4620164e-02   2.3722112e-02   4.6427563e-01   2.4343406e-01   2.9087828e-02   8.2462581e-02
   3.6225943e-02   4.6228332e-01   4.9804739e-03   4.0343203e-02   5.6044082e-03   2.4423462e-02   5.1753741e-02   3.7438545e-01
   3.6808242e-02   2.3162377e-01   1.8442954e-02   2.8001471e-02   2.5666037e-01   2.3456774e-01   5.2201590e-02   1.4169386e-01
   3.7821781e-02   3.5211839e-01   4.7891452e-02   1.0002073e-01   7.0558860e-02   1.1554803e-01   2.7099217e-01   5.0485925e-03
   3.9274302e-02   9.3976416e-02   1.6613092e-02   3.1573421e-01   1.7772327e-01   1.2134811e-01   1.9005856e-01   4.5272035e-02
   3.9378753e-02   2.5145506e-01   7.1004740e-03   2.3379822e-02   2.9211478e-01   6.0792337e-02   2.4535002e-02   3.0124377e-01
   4.0010929e-02   1.2412174e-01   1.0642256e-01   2.4686178e-01   2.5873249e-01   5.3211796e-03   3.3429693e-02   1.8509963e-01
   4.0827186e-02   1.0035898e-01   1.8564194e-01   2.1064888e-01   2.7362047e-02   8.2821147e-02   1.6233856e-01   1.9000125e-01
   4.0842677e-02   7.9557375e-02   1.7340988e-01   2.5082062e-02   2.1306281e-02   7.7611353e-02   1.1648682e-01   4.6570355e-01
   4.4583788e-02   1.3709419e-01   2.1895764e-01   7.3351012e-03   4.3856831e-01   3.5550859e-02   7.3443215e-02   4.4466887e-02
   4.5179098e-02   6.8913090e-02   1.0642599e-02   4.1191806e-02   1.7829666e-01   3.7357424e-01   2.2547302e-01   5.6729492e-02
   4.7989125e-02   1.3197707e-01   3.7526481e-02   2.0666952e-03   1.5672625e-01   2.6218510e-01   1.1464801e-01   2.4688126e-01
   4.8071406e-02   7.5819738e-02   2.6068163e-03   3.1044281e-02   4.1123632e-01   6.8420414e-02   6.9129310e-02   2.9367171e-01
   4.8691681e-02   1.2954299e-01   1.3387155e-01   5.0764458e-02   1.2043809e-01   1.2041824e-01   2.7404034e-02   3.6886896e-01
   4.9150327e-02   5.0640523e-01   1.3856209e-02   2.1699346e-02   1.2810458e-02   8.2091503e-02   1.2732026e-01   1.8666667e-01
   4.9528302e-02   5.4215802e-01   6.0731132e-02   2.4469340e-02   9.7582547e-02   4.9528302e-02   1.3590802e-01   4.0094340e-02
   5.0952162e-02   3.4192801e-02   5.8145810e-02   3.1094056e-03   5.4702570e-02   5.6219988e-01   8.8903896e-02   1.4779347e-01
   5.1491602e-02   4.0841612e-03   1.3068549e-01   4.2661768e-01   3.9814829e-03   5.0050098e-02   1.2450240e-01   2.0858708e-01
   5.3468345e-02   1.5173810e-04   1.9127386e-03   4.4529157e-02   3.8654112e-01   1.7706438e-02   4.6942933e-01   2.6261138e-02
   5.5345626e-02   6.5664225e-02   3.1631118e-01   6.3076764e-03   2.9122008e-01   1.7638954e-01   7.5386463e-03   8.1223031e-02
   5.5795153e-02   2.0006811e-01   6.7289043e-02   2.7300558e-01   4.2584440e-02   6.8872159e-02   9.4104618e-03   2.8297505e-01
   5.6264588e-02   3.2576076e-01   2.4549504e-01   1.4314881e-01   1.4852473e-01   3.2149154e-02   3.9840932e-03   4.4672823e-02
   5.6419917e-02   3.4514433e-02   1.7749409e-01   7.1818636e-02   2.4421254e-03   2.1046002e-01   1.8389611e-01   2.6295467e-01
   5.6769226e-02   4.4810479e-01   2.9625314e-02   4.2635688e-02   2.3655519e-02   2.0881563e-01   2.4062089e-02   1.6633174e-01
   5.6905024e-02   4.0393719e-02   2.2474551e-01   4.0480916e-02   1.9248981e-01   6.9995994e-03   4.3937441e-02   3.9404799e-01
   5.7205158e-02   9.3112718e-03   2.6451661e-01   1.5449718e-01   2.4916670e-01   1.1493967e-01   6.5715863e-03   1.4379182e-01
   5.8839881e-02   2.5010055e-01   1.4565647e-01   2.4837239e-01   2.9432451e-02   1.9027982e-01   6.7656254e-03   7.0552820e-02
   6.0015472e-02   2.7145505e-01   9.1992064e-03   2.1497971e-02   1.4012379e-03   8.7912780e-02   3.1061139e-01   2.3790689e-01
   6.0194782e-02   2.2835884e-02   1.4015531e-02   5.0164266e-02   3.3227163e-01   3.2128930e-01   3.7428447e-03   1.9548576e-01
   6.2410426e-02   2.5625716e-01   2.8386743e-03   2.4937428e-02   4.7711948e-02   2.2797883e-01   7.4363037e-02   3.0350249e-01
   6.2725038e-02   3.6445357e-02   5.5618042e-02   9.7162197e-02   1.2870667e-03   3.3031770e-01   1.2010854e-01   2.9633605e-01
   6.4114419e-02   2.1658255e-01   1.0120895e-01   4.5728315e-02   3.9380842e-01   3.5589271e-02   1.2746841e-02   1.3022124e-01
   6.4651869e-02   2.6982944e-01   2.9357174e-01   2.8634496e-02   7.1459388e-02   4.3903508e-02   2.7000073e-02   2.0094948e-01
   6.4856228e-02   1.8951843e-02   3.9390338e-03   1.0446679e-01   2.1769305e-01   5.3321747e-01   1.8000944e-02   3.8874636e-02
   6.5513435e-02   2.0165595e-01   1.9970087e-01   1.5990685e-01   2.9799691e-01   5.1874384e-03   8.3034554e-04   6.9208199e-02
   6.5959057e-02   4.5398099e-02   2.0351739e-01   2.7392778e-01   4.0936111e-02   2.7467612e-01   3.6429434e-02   5.9156008e-02
   6.8383700e-02   1.9906568e-02   4.1433836e-01   4.1990123e-01   2.4876758e-02   1.6822944e-02   4.5331884e-03   3.1237257e-02
   6.8911756e-02   3.1181790e-04   6.6105394e-02   1.0227627e-01   2.4633614e-02   3.0246336e-02   5.2135953e-01   1.8615529e-01
   7.0893082e-02   6.6746521e-03   8.4895931e-02   3.8061666e-01   1.4756414e-01   1.9072369e-02   2.5133610e-01   3.8947060e-02
   7.3189984e-02   4.0805435e-01   4.7272097e-02   1.1737345e-01   2.7016439e-02   1.2106707e-01   1.2584481e-01   8.0181796e-02
   7.3863468e-02   8.6800732e-02   1.7396811e-01   5.0682381e-01   1.3567447e-02   1.2303171e-03   8.5868224e-02   5.7877894e-02
   7.3888777e-02   4.3842275e-01   7.1920973e-02   2.6184557e-01   1.1458193e-01   6.6126357e-03   2.4609315e-02   8.1180421e-03
   7.4793718e-02   2.1027415e-02   9.8482832e-03   1.2110727e-01   5.2328986e-01   6.9204152e-03   1.0141070e-01   1.4160234e-01
   7.5746178e-02   1.4470170e-02   7.6071637e-03   2.4761934e-01   1.4569423e-01   4.2232830e-02   2.8034799e-01   1.8628210e-01
   8.0013008e-02   4.5166333e-01   2.1240150e-01   1.4890972e-02   5.1395528e-02   6.2726873e-02   6.2486956e-02   6.4421831e-02
   8.1497984e-02   2.7980077e-02   1.8269833e-01   2.3737929e-02   5.1849874e-03   2.8338632e-01   2.8615382e-01   1.0936055e-01
   8.2954281e-02   8.3858328e-02   9.2510592e-03   1.2331621e-01   4.0240434e-01   2.1675061e-02   2.0110181e-01   7.5438906e-02
   8.3092543e-02   2.6283374e-02   3.9476837e-03   2.5947504e-01   1.5817350e-02   2.1136948e-01   2.4094846e-01   1.5906606e-01
   8.5630807e-02   4.9991024e-02   5.2170321e-01   4.1941366e-02   6.9764344e-02   1.8371774e-03   7.6642485e-03   2.2146782e-01
   8.6297376e-02   1.3381924e-01   5.7405248e-01   5.1311953e-02   2.9154519e-04   1.1137026e-01   2.4489796e-02   1.8367347e-02
   8.8677308e-02   1.0422535e-01   1.2582068e-01   1.3209049e-01   1.2830147e-01   3.2366462e-01   8.8753922e-02   8.4661620e-03
   9.0136670e-02   3.4569461e-01   2.0069910e-02   1.5499944e-01   1.0152938e-01   2.3106382e-01   5.1097207e-02   5.4089568e-03
   9.0807937e-02   1.1201109e-01   8.2009421e-03   5.1947381e-01   4.5886709e-02   8.6159219e-02   5.0679971e-02   8.6780324e-02
   9.1265519e-02   7.2968852e-02   9.5839686e-03   5.7939447e-02   5.2276193e-03   2.8316271e-02   4.0688303e-01   3.2781529e-01
   9.1379471e-02   2.8291344e-01   2.0049259e-01   4.2163631e-02   1.5424622e-01   1.2244731e-01   1.0512823e-01   1.2291093e-03
   9.2111465e-02   9.0538269e-02   2.8602072e-01   4.7338025e-03   2.9222148e-01   3.6424896e-02   1.2725997e-01   7.0689403e-02
   9.2136290e-02   2.2813243e-01   2.5072382e-04   1.3695786e-01   5.8694532e-02   1.2335286e-02   1.6314440e-01   3.0834848e-01
   9.2206133e-02   3.9821124e-02   5.7921635e-02   4.1950596e-01   3.5689949e-01   4.6848382e-03   9.7955707e-03   1.9165247e-02
   9.2225223e-02   1.4343236e-02   2.5339041e-03   2.7241705e-02   1.0269368e-01   2.4914577e-01   4.0388778e-01   1.0792871e-01
   9.2744439e-02   1.4277527e-01   1.2130443e-02   2.4983117e-01   2.0510722e-03   1.7618626e-02   2.8228731e-01   2.0056166e-01
   9.4596370e-02   5.6874005e-03   3.1599688e-01   2.8330179e-02   8.3503790e-02   2.1635668e-01   2.5442488e-01   1.1038155e-03
   9.7217527e-02   3.1044566e-01   1.2369645e-01   2.1598149e-02   1.6294293e-02   1.4655646e-01   1.9056152e-01   9.3629941e-02
   9.7680937e-02   1.4072702e-02   1.1123853e-02   1.7905079e-01   2.2993089e-01   3.6279096e-02   5.1213205e-02   3.8064853e-01
   9.9586467e-02   8.7999856e-02   3.4745729e-02   5.8345703e-02   3.0324293e-02   1.0461089e-01   5.5693437e-01   2.7452690e-02
   1.0062806e-01   3.3214095e-01   1.1855887e-02   2.0120109e-02   1.5445678e-02   3.0954396e-01   9.9018867e-02   1.1124649e-01
   1.0145555e-01   1.3291289e-01   1.5950104e-01   4.5927089e-02   1.8618433e-01   7.2139848e-03   1.1027440e-01   2.5653071e-01
   1.0155892e-01   5.2728106e-02   4.2663916e-01   1.7171022e-01   4.3328748e-02   1.6047685e-02   1.7514901e-01   1.2838148e-02
   1.0165864e-01   2.9455926e-01   2.0146304e-02   1.5605298e-01   2.6677363e-02   1.3295730e-01   4.9787665e-02   2.1816048e-01
   1.0289099e-01   1.2842790e-01   1.1130765e-01   1.1017679e-01   1.6887096e-02   1.9774361e-01   3.2779207e-01   4.7738961e-03
   1.0326554e-01   2.7322784e-01   3.3352367e-01   1.8894243e-01   1.7504362e-02   3.2909481e-02   3.3394912e-02   1.7231777e-02
   1.0424800e-01   1.5148427e-01   1.6348713e-01   2.1821740e-01   1.7164252e-01   1.7968591e-01   1.1478865e-03   1.0086875e-02
   1.0683016e-01   1.8774763e-02   1.2794252e-01   3.7824757e-02   1.4401659e-01   2.6872615e-01   1.0459289e-01   1.9129217e-01
   1.0815373e-01   2.5790716e-03   5.9294426e-02   4.4997483e-01   3.1966661e-02   1.8386408e-01   1.4641739e-01   1.7749806e-02
   1.0849566e-01   1.9843929e-02   1.1338905e-01   2.3615247e-01   4.4804914e-03   3.1263786e-01   1.3442827e-02   1.9155771e-01
   1.0922041e-01   3.1450325e-01   3.9374534e-02   1.1887515e-01   1.4626049e-01   1.4163752e-02   9.3872873e-02   1.6372954e-01
   1.1059492e-01   2.0602417e-01   4.4554014e-02   5.2923781e-02   2.8435537e-01   3.0577884e-02   2.2481535e-01   4.6154512e-02
   1.1491960e-01   1.9399650e-02   8.0085002e-02   1.5685886e-01   8.6935311e-02   1.7905679e-02   3.9081045e-01   1.3308546e-01
   1.1599045e-01   1.9737470e-01   1.2410501e-02   1.9093079e-02   1.6873508e-01   7.1599045e-04   3.8424821e-01   1.0143198e-01
   1.1647192e-01   1.1325012e-02   3.0301625e-01   1.3191473e-01   3.3880299e-02   3.2366597e-01   5.4885153e-02   2.4840669e-02
   1.1753316e-01   6.0846921e-03   9.9663483e-03   4.8278734e-02   5.4137076e-02   4.1350121e-01   3.4718154e-01   3.3172418e-03
   1.1806952e-01   2.7795691e-01   1.1667414e-01   2.1459228e-01   6.8672243e-02   1.5524010e-03   1.5022681e-01   5.2255703e-02
   1.1862278e-01   3.2438813e-02   2.7735935e-01   2.0001453e-02   1.3469950e-01   1.7271839e-02   3.9682389e-01   2.7823808e-03
   1.2063508e-01   5.7187341e-02   2.5083919e-02   3.0120245e-01   6.1332044e-02   1.7722128e-01   3.8366558e-02   2.1897133e-01
   1.2164135e-01   1.6911712e-01   2.4908557e-01   3.2684099e-03   2.7029640e-01   2.3348971e-02   3.7056641e-03   1.5953651e-01
   1.2301703e-01   6.8746985e-02   2.4790050e-03   1.6579452e-02   4.2092156e-01   1.6814906e-01   1.8336632e-01   1.6740600e-02
   1.2465772e-01   4.0256149e-03   1.8734546e-01   2.5587194e-01   3.6818852e-01   9.6329905e-03   4.7973503e-02   2.3042569e-03
   1.2718580e-01   1.1864601e-01   1.7696033e-01   1.5273076e-01   1.6844190e-03   1.0773356e-02   4.0211412e-01   9.9052037e-03
   1.2797993e-01   2.3894993e-01   1.2127683e-01   4.3682901e-01   2.2738962e-02   3.6423431e-02   1.5270221e-02   5.3168787e-04
   1.2900353e-01   5.1756631e-02   6.2657861e-03   1.2915416e-02   1.4784192e-01   5.4196451e-02   3.5460111e-01   2.4341915e-01
   1.3190512e-01   9.5705040e-02   1.4463334e-01   1.7317425e-02   4.1538801e-03   2.9884798e-01   7.0258605e-02   2.3717861e-01
   1.3203812e-01   7.8348893e-02   2.1807118e-02   1.0874536e-01   1.2784481e-01   1.6234093e-01   1.3628623e-01   2.3258855e-01
   1.3256678e-01   9.1260676e-02   2.0639519e-01   1.9295924e-01   1.0388143e-02   1.5392659e-01   1.9180953e-01   2.0693848e-02
   1.3416978e-01   2.0143206e-01   2.5793976e-02   2.0236891e-01   2.9428127e-01   1.1314339e-01   1.6766603e-02   1.2044007e-02
   1.3950616e-01   5.6463061e-02   8.1903263e-02   2.1003000e-01   1.6662503e-01   4.6579066e-02   9.9945681e-02   1.9894774e-01
   1.4100460e-01   7.8049581e-03   1.6148632e-01   6.8909473e-02   2.9106560e-01   7.0097321e-02   2.1390842e-03   2.5749264e-01
   1.4148974e-01   8.8722243e-03   3.9695099e-01   6.2665913e-02   1.9869605e-01   3.6275362e-02   8.7688843e-02   6.7360867e-02
   1.4604315e-01   2.0777436e-01   6.1944505e-02   1.8689629e-03   1.4126233e-02   3.7524998e-01   1.6376756e-01   2.9225249e-02
   1.4631126e-01   8.9695945e-02   7.1124156e-03   1.8768817e-01   1.6053416e-01   1.6160868e-01   1.8303674e-01   6.4012623e-02
   1.4696337e-01   1.0382571e-03   2.4569105e-02   7.9222002e-02   2.8473001e-01   3.1248287e-01   1.4813069e-01   2.8636944e-03
   1.4758596e-01   1.2530830e-03   3.1206382e-01   2.3664755e-01   1.2030761e-01   2.3662535e-02   9.6240935e-03   1.4885534e-01
   1.4803586e-01   1.7365168e-01   2.3755136e-01   4.6100661e-02   1.5774735e-01   3.3415392e-03   2.2500177e-01   8.5697771e-03
   1.4850530e-01   5.7190495e-02   1.7160092e-01   8.4442028e-02   1.0301198e-01   7.9080311e-02   2.7212871e-01   8.4040257e-02
   1.5048051e-01   5.7883867e-03   3.7819046e-01   3.6173244e-02   3.6957212e-02   4.1930969e-02   6.5647448e-02   2.8483177e-01
   1.5349534e-01   1.1966573e-03   1.5506134e-01   2.7790891e-01   8.6579387e-02   1.5624839e-01   9.0602668e-02   7.8907302e-02
   1.5368859e-01   2.1551873e-02   2.2353647e-02   3.3090588e-01   7.0096883e-02   1.0156628e-02   2.6105383e-02   3.6514112e-01
   1.5380968e-01   1.1462165e-01   5.7062658e-02   2.1883424e-02   6.2009432e-03   1.1901684e-01   3.8435177e-01   1.4305304e-01
   1.5392183e-01   3.9126972e-01   5.0534650e-03   5.6761791e-03   3.2278749e-02   2.7987812e-02   3.7734571e-01   6.4665310e-03
   1.5504785e-01   5.5262106e-02   7.8770393e-02   2.2579200e-02   1.9947339e-01   2.2307041e-01   2.4279412e-01   2.3002532e-02
   1.6042345e-01   4.5114007e-01   6.6368078e-02   7.3289902e-03   1.0789902e-01   1.5594463e-01   1.7508143e-02   3.3387622e-02
   1.6224092e-01   4.1053956e-03   1.7705010e-01   7.1863617e-02   2.3080787e-01   2.1634342e-01   1.1636983e-01   2.1218851e-02
   1.6231257e-01   6.7356413e-03   1.7369713e-01   9.6630164e-03   2.0977428e-02   4.5858683e-01   1.1417415e-01   5.3853239e-02
   1.6257699e-01   1.3817366e-02   1.5953584e-01   2.8155340e-01   1.7907868e-02   3.1980139e-02   1.6525969e-01   1.6736871e-01
   1.6474024e-01   6.9424925e-02   1.8953205e-01   2.3368453e-03   2.0432321e-01   2.0468559e-01   2.9577988e-03   1.6199934e-01
   1.6715164e-01   6.5655637e-02   1.8288371e-01   9.9625649e-02   3.4294486e-03   6.6765160e-03   2.0060607e-01   2.7397133e-01
   1.7081004e-01   6.2040619e-02   3.8372881e-02   2.8139313e-01   1.7431799e-02   9.4826946e-02   2.6767601e-01   6.7448577e-02
   1.7301059e-01   4.1112540e-02   3.0380697e-01   3.5288167e-02   2.8445674e-02   2.4837911e-01   8.7371787e-03   1.6121977e-01
   1.7711056e-01   1.7616446e-03   2.3071537e-01   2.0150252e-01   2.1929858e-03   1.5405692e-01   1.4182696e-02   2.1847729e-01
   1.7750351e-01   2.5157736e-01   4.0637979e-02   2.0410664e-01   4.4387190e-04   2.0827577e-01   3.9899465e-03   1.1346493e-01
   1.7890025e-01   9.0131459e-02   2.7756613e-01   2.3826073e-02   1.3174604e-01   6.6873713e-02   9.4462653e-02   1.3649369e-01
   1.8137645e-01   2.4938834e-01   3.3686124e-02   3.3886760e-01   1.3496946e-02   2.1491665e-02   7.1777660e-03   1.5451511e-01
   1.8189384e-01   3.1346269e-01   1.7222018e-01   4.3478334e-03   5.6970764e-02   1.4740679e-02   2.0945219e-01   4.6911816e-02
   1.8191129e-01   4.3950176e-03   2.1008965e-01   4.0239605e-02   2.2684184e-01   2.8020345e-03   1.2591430e-01   2.0780625e-01
   1.8278169e-01   7.5018715e-02   6.4210775e-02   3.1471122e-02   6.7233288e-02   1.8224506e-01   3.5264035e-03   3.9351294e-01
   1.8359252e-01   2.7883500e-01   1.6648588e-01   4.4594479e-03   2.4776539e-01   4.8778146e-02   3.8148715e-02   3.1934900e-02
   1.8522320e-01   1.2515144e-02   8.9456631e-02   1.8045242e-01   2.4380884e-01   2.7417923e-02   2.4549075e-01   1.5635098e-02
   1.8528471e-01   1.0069978e-01   1.4878691e-01   3.1095815e-01   1.3972092e-01   2.8204397e-02   5.7672946e-02   2.8672178e-02
   1.8567780e-01   1.7223305e-01   7.3221574e-02   1.2596074e-01   4.2691785e-02   1.3115421e-01   2.0672099e-01   6.2339845e-02
   1.8674575e-01   1.6653524e-01   1.9050165e-01   2.3530027e-01   3.4692841e-02   1.2626946e-01   1.9842333e-02   4.0112448e-02
   1.8772587e-01   1.3766034e-01   1.7768748e-01   2.0127018e-01   5.5818094e-03   1.3939265e-02   2.4774151e-01   2.8393549e-02
   1.8819047e-01   3.2366408e-01   8.1046519e-03   3.2424410e-02   1.3968408e-01   1.0213586e-01   1.9947489e-01   6.3215651e-03
   1.8856549e-01   5.1143451e-02   2.4116424e-02   2.8482328e-02   2.0291060e-01   4.9896050e-03   8.6694387e-02   4.1309771e-01
   1.8983108e-01   1.7743819e-01   1.6653916e-01   1.0128337e-01   1.2170411e-01   8.2281501e-02   6.9910085e-02   9.1012513e-02
   1.9200514e-01   6.2881608e-03   2.3441826e-02   2.5824378e-01   4.6366259e-01   5.1083395e-02   4.4644868e-03   8.1062729e-04
   1.9248460e-01   7.8363313e-02   8.2136154e-02   1.4029808e-01   3.5295204e-01   9.1150689e-02   1.1681408e-02   5.0933712e-02
   1.9333129e-01   2.2785788e-01   1.7852114e-02   1.3009021e-01   1.5733502e-01   4.8452631e-03   2.5885664e-01   9.8315933e-03
   1.9373756e-01   1.8651893e-01   1.2744872e-02   1.0327454e-01   4.1602317e-02   2.2636844e-01   3.8341567e-03   2.3191919e-01
   1.9389547e-01   4.8924825e-02   2.8670727e-01   2.7981274e-02   1.3056873e-01   2.2630208e-01   5.8302539e-02   2.7317815e-02
   1.9395407e-01   2.3281783e-03   9.3557499e-02   1.2301062e-02   6.8029589e-02   1.3841062e-01   2.9007668e-01   2.0134230e-01
   1.9545189e-01   1.2097110e-01   5.7598831e-02   1.2093756e-02   3.0629633e-01   4.4635216e-03   2.6046021e-02   2.7707854e-01
   1.9855084e-01   2.8960564e-01   8.6654015e-02   1.8162827e-03   2.4410246e-03   4.9290662e-02   1.8188476e-01   1.8975678e-01
   2.0369478e-01   9.0129446e-03   1.5645958e-03   3.1268026e-01   2.3282023e-01   1.3148055e-01   7.6989918e-02   3.1756717e-02
   2.0642847e-01   1.2902413e-02   3.9138217e-02   2.6899379e-02   3.4387296e-01   2.4542501e-01   6.8733128e-04   1.2464622e-01
   2.0708677e-01   1.6011097e-02   3.5177215e-01   1.9078448e-01   1.5645966e-02   1.6595217e-01   1.5566990e-02   3.7180369e-02
   2.1053014e-01   2.7642691e-01   1.5737972e-01   5.6806547e-02   2.1468501e-04   2.7223092e-01   4.7013952e-03   2.1709678e-02
   2.1211798e-01   1.1757690e-01   3.0583712e-01   8.7405383e-03   3.7841924e-02   1.3473073e-01   1.4589902e-01   3.7255800e-02
   2.1275735e-01   3.0411508e-01   1.1143336e-03   4.2580188e-02   1.3241477e-01   2.0739320e-01   2.3344796e-03   9.7290592e-02
   2.1368193e-01   3.7700255e-01   7.8591754e-02   1.2370819e-01   6.9089900e-03   1.7073703e-01   1.5987070e-02   1.3382488e-02
   2.1368519e-01   1.6581037e-02   5.6282111e-02   4.2807099e-01   9.8318543e-02   3.0593181e-02   1.3241476e-01   2.4054180e-02
   2.1691627e-01   5.2676186e-02   8.0096585e-03   2.1603639e-02   5.0393243e-01   5.0080497e-02   1.1339126e-01   3.3390069e-02
   2.1932081e-01   1.7867475e-01   5.6277201e-02   2.1901938e-03   3.8209195e-01   1.3377428e-01   1.5113795e-02   1.2557026e-02
   2.1973004e-01   1.8058980e-02   1.9488844e-02   3.2751092e-01   1.2162670e-02   2.4521470e-01   1.5424721e-01   3.5866411e-03
   2.2312838e-01   3.8242953e-02   5.5471970e-03   1.1480647e-01   2.1216053e-01   1.5527158e-02   3.6900492e-01   2.1582387e-02
   2.2335375e-01   7.7103921e-02   2.5713965e-03   1.7515138e-02   3.2299984e-01   6.1656603e-02   2.5694337e-01   3.7855978e-02
   2.2676683e-01   1.3510826e-01   4.5586762e-03   2.7898620e-01   1.3553034e-01   1.8237375e-03   4.4919663e-02   1.7230631e-01
   2.3150350e-01   7.8048119e-02   1.5626933e-02   9.5569853e-03   2.1655501e-01   1.6070115e-01   9.0188860e-02   1.9781945e-01
   2.3969369e-01   2.5429080e-01   5.5576969e-02   1.1585322e-01   5.3334943e-02   2.7594918e-02   1.3172218e-02   2.4048324e-01
   2.4028900e-01   8.2531167e-02   1.0612518e-02   4.9014626e-02   1.0795905e-02   1.4585659e-01   1.8100045e-01   2.7989974e-01
   2.4069952e-01   1.5844250e-01   9.2943944e-03   7.4025288e-03   1.0103338e-01   2.0894323e-01   2.5508153e-01   1.9102913e-02
   2.4179146e-01   2.0455178e-02   2.0176268e-01   6.3799465e-03   6.9338226e-02   1.8066668e-01   2.6175630e-01   1.7849527e-02
   2.4583532e-01   4.1694431e-01   6.6396954e-02   2.8557830e-02   1.4992861e-02   4.0694907e-02   1.3469776e-01   5.1880057e-02
   2.4839728e-01   2.5791532e-01   9.3774810e-02   3.8786651e-02   2.2842759e-02   1.4149996e-01   1.1010183e-01   8.6681387e-02
   2.4908770e-01   1.2684778e-02   2.6795379e-01   1.4357330e-01   1.2554149e-02   3.2371782e-02   2.6257589e-01   1.9198604e-02
   2.5251514e-01   1.6399803e-01   7.6825331e-03   1.2228210e-01   1.9245090e-01   2.0735360e-02   1.2837082e-02   2.2749885e-01
   2.5314834e-01   4.8785164e-02   7.5175315e-03   1.4939768e-01   2.5207724e-02   2.5027331e-01   2.3233317e-01   3.3337075e-02
   2.6043135e-01   1.0006835e-03   2.1908611e-01   1.3601181e-01   2.2705379e-01   3.7610027e-03   1.4807846e-01   4.5767999e-03
   2.6058463e-01   2.8115469e-02   3.1600799e-03   3.1497886e-01   7.8378921e-03   1.3873613e-03   1.9796389e-01   1.8597183e-01
   2.6138813e-01   1.0609980e-02   2.2502684e-02   1.7571276e-01   6.7345453e-02   4.3175055e-01   4.9367860e-03   2.5753655e-02
   2.6294811e-01   3.4092886e-02   2.1256818e-01   1.9586904e-01   3.7289453e-03   2.5844309e-01   2.5682438e-02   6.6673138e-03
   2.6323308e-01   9.2637312e-03   6.9740174e-02   3.6294703e-02   3.8376836e-01   1.3398231e-01   9.2906381e-02   1.0811263e-02
   2.6547651e-01   1.4757747e-01   2.0371801e-01   5.9333767e-03   1.0488300e-02   1.7523999e-01   1.3466246e-03   1.9021971e-01
   2.6599262e-01   1.6706342e-01   3.9791702e-01   1.4553401e-02   4.1568918e-04   1.2373762e-02   1.1930055e-02   1.2975403e-01
   2.6667903e-01   3.0648048e-01   3.9123716e-02   1.6779671e-01   1.5963612e-01   2.4752710e-02   1.7529429e-02   1.8001814e-02
   2.6957438e-01   2.5535323e-01   5.8290436e-03   1.4575750e-02   7.2985359e-02   1.9522619e-03   3.0666858e-01   7.3061396e-02
   2.7204512e-01   1.0522943e-02   1.3888705e-01   2.8511520e-01   8.2628899e-02   3.2280084e-02   2.9370416e-02   1.4915029e-01
   2.7283202e-01   2.7272929e-01   2.4880517e-01   9.6896197e-04   3.8658367e-02   1.0190833e-01   1.9131066e-02   4.4966800e-02
   2.7651079e-01   1.2135278e-02   1.7848922e-01   3.0799228e-02   2.6419343e-01   1.9866714e-01   6.5946355e-05   3.9138969e-02
   2.7696726e-01   3.7411279e-02   1.1943293e-01   6.0592195e-02   1.6517657e-01   6.4382539e-02   4.7331367e-02   2.2870585e-01
   2.7798669e-01   8.4423412e-04   1.4307564e-01   1.4299353e-01   7.5979093e-02   1.7102612e-01   1.2131848e-01   6.6776220e-02
   2.8064916e-01   1.5214660e-02   8.4824291e-02   1.3866089e-02   1.6677013e-01   1.1840416e-03   2.1216803e-01   2.2532360e-01
   2.8505682e-01   3.0359439e-02   3.7120717e-02   2.6179393e-01   4.5542786e-02   2.5001495e-01   1.9566279e-02   7.0545085e-02
   2.9308207e-01   8.0687603e-02   4.9151152e-02   1.3431733e-01   1.5817269e-01   1.8172957e-01   2.5118380e-02   7.7741215e-02
   2.9478533e-01   5.9968187e-02   2.9851838e-01   1.7671477e-01   5.1255560e-03   1.1306659e-02   3.7153062e-02   1.1642806e-01
   2.9762911e-01   4.5373188e-02   2.0420818e-02   3.9569598e-03   1.1108824e-01   7.8511084e-02   3.2504592e-01   1.1797469e-01
   2.9969560e-01   8.4191445e-03   3.2568124e-01   7.6334091e-03   9.4129924e-02   5.8426810e-02   9.7458299e-03   1.9626804e-01
   3.0462382e-01   1.2088082e-01   2.0897543e-01   1.1699205e-02   2.9476612e-02   1.2262271e-03   2.5353190e-01   6.9585992e-02
   3.0636776e-01   2.0421707e-01   4.3649240e-02   1.6983393e-01   3.6999563e-02   3.5805276e-03   1.1872082e-01   1.1663109e-01
   3.0666282e-01   1.4052506e-01   3.4934572e-02   4.4541842e-03   1.8030918e-02   3.0945372e-01   2.0577331e-02   1.6536139e-01
   3.0723896e-01   2.2669724e-02   4.8498703e-04   9.5377727e-02   6.0592285e-02   2.8490878e-01   9.7656408e-02   1.3107113e-01
   3.0900148e-01   1.5169933e-01   5.2815481e-03   1.4639122e-01   2.1694080e-01   8.3221170e-03   1.3596321e-01   2.6400289e-02
   3.1439926e-01   5.6363262e-02   1.1059837e-02   5.9033944e-03   3.1857746e-04   1.0066799e-02   3.1784948e-01   2.8403938e-01
   3.2047694e-01   1.9193222e-02   2.4855191e-01   8.0834760e-02   1.3218210e-01   1.3157893e-01   1.1581902e-02   5.5600237e-02
   3.2161634e-01   1.9507826e-02   2.0965539e-01   1.3052935e-02   1.0230107e-02   3.1435171e-01   4.4644157e-02   6.6941541e-02
   3.2386785e-01   6.2394618e-02   1.6634219e-02   5.3720328e-03   2.2925681e-01   2.7100605e-01   9.2784633e-03   8.2189951e-02
   3.2496813e-01   1.2689154e-01   1.0473511e-01   3.0358206e-01   6.2251498e-02   3.1014497e-02   2.5653970e-02   2.0903196e-02
   3.3008828e-01   9.6339927e-03   1.5627349e-02   1.2408625e-01   5.7233031e-02   1.2929779e-01   1.8898244e-01   1.4505086e-01
   3.3892253e-01   2.9554205e-01   1.8272951e-02   2.7577105e-01   1.1026726e-02   9.2861264e-03   4.4512235e-02   6.6663339e-03
   3.4050246e-01   5.7263919e-02   1.2069145e-01   1.1634348e-01   3.1559948e-02   1.5214172e-01   1.0300903e-02   1.7119611e-01
   3.4205302e-01   2.0103541e-02   3.4564266e-02   5.5719192e-04   1.4279719e-01   2.2400004e-01   2.2161438e-01   1.4310375e-02
   3.4386623e-01   5.7067241e-02   6.8205894e-03   1.1905630e-01   3.1387154e-01   1.0665941e-01   2.4391687e-02   2.8267002e-02
   3.5039385e-01   1.0055274e-03   1.3121384e-01   9.0106144e-02   2.2898041e-02   7.0702454e-03   3.3735208e-01   5.9960279e-02
   3.6648295e-01   2.4698888e-02   1.5074871e-02   2.0251996e-01   9.4429145e-02   4.5986112e-02   4.5943081e-02   2.0486500e-01
   3.7074426e-01   1.8799167e-02   1.4267445e-01   3.6369424e-03   2.5107318e-02   1.2426075e-01   9.0441601e-03   3.0573297e-01
   3.7321739e-01   2.6469634e-01   5.4466484e-02   3.8818212e-02   8.8267063e-02   6.9258246e-02   3.4681200e-02   7.6595063e-02
   3.8214805e-01   1.1378195e-01   1.3085365e-02   1.7783271e-02   5.4160151e-02   3.0358094e-01   1.0884217e-01   6.6180933e-03
   3.8558262e-01   2.0197287e-02   4.5142154e-02   6.0880807e-03   4.0527241e-01   1.2080107e-02   6.1110712e-02   6.4526628e-02
   3.9165740e-01   1.7288298e-02   3.1155488e-01   2.2553572e-02   2.5466221e-02   1.1955709e-01   1.0724115e-01   4.6813955e-03
   3.9663536e-01   1.6007480e-02   8.2687313e-03   7.3653828e-02   2.5700378e-01   5.3356393e-02   1.4945096e-02   1.8012933e-01
   4.1780663e-01   1.1052078e-01   1.1187471e-02   2.4349132e-02   2.0982357e-02   7.2296811e-02   5.3590281e-03   3.3749779e-01
   4.2270939e-01   5.7335582e-02   1.4333895e-02   1.1326588e-01   3.9347948e-03   5.3400787e-03   2.3974143e-01   1.4333895e-01
   4.2347736e-01   1.0600066e-01   9.1569129e-03   4.0350078e-02   2.1292711e-01   7.0368466e-02   1.1855616e-01   1.9163254e-02
   4.5251651e-01   1.7080392e-02   2.0701435e-01   1.2776133e-01   4.5092234e-02   2.3912548e-02   7.7203371e-02   4.9419267e-02
   5.0692420e-01   8.1632653e-02   6.0131195e-02   1.4395044e-01   1.8950437e-02   1.4067055e-01   1.9679300e-02   2.8061224e-02
   1.0000000e+00   0.0000000e+00   0.0000000e+00   0.0000000e+00   0.0000000e+00   0.0000000e+00   0.0000000e+00   0.0000000e+00
