function f=cost_function(x)

variables;
%minimize costs:
f=174.2214*V_a^1.0699+12486.713*G_s^0.6216+114.8094*G_s+955.5*A_s^0.9633+41.2706*(A_s*(1+h3+h4))^1.0699;
% f=1000;
