   0.0000000e+00   0.0000000e+00   0.0000000e+00   0.0000000e+00   0.0000000e+00   0.0000000e+00   0.0000000e+00   0.0000000e+00   0.0000000e+00   0.0000000e+00   0.0000000e+00   0.0000000e+00   0.0000000e+00   0.0000000e+00   0.0000000e+00   1.0000000e+00
   0.0000000e+00   0.0000000e+00   0.0000000e+00   0.0000000e+00   0.0000000e+00   0.0000000e+00   0.0000000e+00   0.0000000e+00   0.0000000e+00   0.0000000e+00   0.0000000e+00   0.0000000e+00   0.0000000e+00   0.0000000e+00   1.0000000e+00   0.0000000e+00
   0.0000000e+00   0.0000000e+00   0.0000000e+00   0.0000000e+00   0.0000000e+00   0.0000000e+00   0.0000000e+00   0.0000000e+00   0.0000000e+00   0.0000000e+00   0.0000000e+00   0.0000000e+00   0.0000000e+00   1.0000000e+00   0.0000000e+00   0.0000000e+00
   0.0000000e+00   0.0000000e+00   0.0000000e+00   0.0000000e+00   0.0000000e+00   0.0000000e+00   0.0000000e+00   0.0000000e+00   0.0000000e+00   0.0000000e+00   0.0000000e+00   0.0000000e+00   1.0000000e+00   0.0000000e+00   0.0000000e+00   0.0000000e+00
   0.0000000e+00   0.0000000e+00   0.0000000e+00   0.0000000e+00   0.0000000e+00   0.0000000e+00   0.0000000e+00   0.0000000e+00   0.0000000e+00   0.0000000e+00   0.0000000e+00   1.0000000e+00   0.0000000e+00   0.0000000e+00   0.0000000e+00   0.0000000e+00
   0.0000000e+00   0.0000000e+00   0.0000000e+00   0.0000000e+00   0.0000000e+00   0.0000000e+00   0.0000000e+00   0.0000000e+00   0.0000000e+00   0.0000000e+00   1.0000000e+00   0.0000000e+00   0.0000000e+00   0.0000000e+00   0.0000000e+00   0.0000000e+00
   0.0000000e+00   0.0000000e+00   0.0000000e+00   0.0000000e+00   0.0000000e+00   0.0000000e+00   0.0000000e+00   0.0000000e+00   0.0000000e+00   1.0000000e+00   0.0000000e+00   0.0000000e+00   0.0000000e+00   0.0000000e+00   0.0000000e+00   0.0000000e+00
   0.0000000e+00   0.0000000e+00   0.0000000e+00   0.0000000e+00   0.0000000e+00   0.0000000e+00   0.0000000e+00   0.0000000e+00   1.0000000e+00   0.0000000e+00   0.0000000e+00   0.0000000e+00   0.0000000e+00   0.0000000e+00   0.0000000e+00   0.0000000e+00
   0.0000000e+00   0.0000000e+00   0.0000000e+00   0.0000000e+00   0.0000000e+00   0.0000000e+00   0.0000000e+00   1.0000000e+00   0.0000000e+00   0.0000000e+00   0.0000000e+00   0.0000000e+00   0.0000000e+00   0.0000000e+00   0.0000000e+00   0.0000000e+00
   0.0000000e+00   0.0000000e+00   0.0000000e+00   0.0000000e+00   0.0000000e+00   0.0000000e+00   1.0000000e+00   0.0000000e+00   0.0000000e+00   0.0000000e+00   0.0000000e+00   0.0000000e+00   0.0000000e+00   0.0000000e+00   0.0000000e+00   0.0000000e+00
   0.0000000e+00   0.0000000e+00   0.0000000e+00   0.0000000e+00   0.0000000e+00   1.0000000e+00   0.0000000e+00   0.0000000e+00   0.0000000e+00   0.0000000e+00   0.0000000e+00   0.0000000e+00   0.0000000e+00   0.0000000e+00   0.0000000e+00   0.0000000e+00
   0.0000000e+00   0.0000000e+00   0.0000000e+00   0.0000000e+00   1.0000000e+00   0.0000000e+00   0.0000000e+00   0.0000000e+00   0.0000000e+00   0.0000000e+00   0.0000000e+00   0.0000000e+00   0.0000000e+00   0.0000000e+00   0.0000000e+00   0.0000000e+00
   0.0000000e+00   0.0000000e+00   0.0000000e+00   1.0000000e+00   0.0000000e+00   0.0000000e+00   0.0000000e+00   0.0000000e+00   0.0000000e+00   0.0000000e+00   0.0000000e+00   0.0000000e+00   0.0000000e+00   0.0000000e+00   0.0000000e+00   0.0000000e+00
   0.0000000e+00   0.0000000e+00   1.0000000e+00   0.0000000e+00   0.0000000e+00   0.0000000e+00   0.0000000e+00   0.0000000e+00   0.0000000e+00   0.0000000e+00   0.0000000e+00   0.0000000e+00   0.0000000e+00   0.0000000e+00   0.0000000e+00   0.0000000e+00
   0.0000000e+00   1.0000000e+00   0.0000000e+00   0.0000000e+00   0.0000000e+00   0.0000000e+00   0.0000000e+00   0.0000000e+00   0.0000000e+00   0.0000000e+00   0.0000000e+00   0.0000000e+00   0.0000000e+00   0.0000000e+00   0.0000000e+00   0.0000000e+00
   2.0612847e-05   1.5783259e-02   5.6747847e-02   1.4171303e-01   6.1048031e-03   1.9019083e-02   7.0768757e-02   9.8369075e-02   1.1884007e-03   1.3701784e-01   1.3585036e-01   4.5126985e-02   5.7863356e-02   1.8639007e-02   1.2049180e-01   7.5295777e-02
   2.2563235e-05   3.7791214e-02   4.5758724e-02   8.9927211e-02   1.5549339e-01   9.9291256e-03   9.9330337e-02   1.0718316e-02   1.5324600e-03   1.4243898e-01   2.4481798e-02   1.3835938e-01   2.5336054e-03   1.5513367e-01   5.2803627e-02   3.3745605e-02
   4.7636034e-05   1.4955297e-01   8.8917182e-02   3.8380076e-02   8.0549311e-03   3.9694074e-03   9.1683322e-02   1.0974359e-02   7.7003115e-02   8.3586083e-02   7.2298292e-02   5.9756455e-02   6.3812759e-02   1.7490263e-02   8.4982998e-02   1.4949015e-01
   7.9197271e-05   1.1872036e-01   1.5457431e-01   2.3502476e-02   2.5559637e-02   5.7355398e-02   8.0666532e-04   1.4732503e-01   1.5735269e-01   2.1670627e-02   2.8765729e-02   1.2005822e-01   8.4435210e-02   7.0059396e-03   2.4375015e-02   2.8413482e-02
   2.3976233e-04   8.4201240e-04   1.6394018e-01   1.5064462e-01   1.6196403e-02   4.1747195e-02   1.2368819e-01   1.4803293e-01   1.0826664e-01   4.7820749e-02   4.0889402e-02   8.8551795e-03   5.0330074e-02   4.0216121e-04   8.9418607e-02   8.6859040e-03
   2.5204197e-04   9.9911224e-03   3.1333443e-02   5.1587688e-03   9.8260495e-03   1.8238606e-01   1.6029003e-01   1.4011001e-02   3.8921755e-02   3.2907650e-02   1.8147243e-02   1.0314500e-01   1.3701285e-01   1.3572230e-01   3.2113646e-02   8.8781036e-02
   3.4965243e-04   9.4303974e-02   2.1209635e-03   8.0143036e-02   4.0011381e-02   9.6382554e-02   1.0228914e-01   1.8125844e-02   1.5375180e-01   1.0619193e-01   3.3532629e-02   8.3695808e-03   3.7371541e-02   4.8036264e-02   1.6833427e-01   1.0685444e-02
   3.9236955e-04   3.0020891e-02   3.8716175e-02   2.5300540e-02   4.2942956e-03   4.3090854e-02   6.8563569e-02   1.6334502e-01   1.2874025e-01   5.0922057e-02   1.1457644e-01   1.5653165e-01   1.2518928e-01   1.8614382e-02   3.1681250e-02   2.0971917e-05
   5.0240102e-04   3.5992784e-03   6.6402173e-02   9.5559374e-02   3.5349297e-02   1.0086567e-02   1.3987681e-01   1.0654960e-01   3.7900480e-02   1.1509225e-02   5.1931033e-02   1.5223481e-01   3.0151531e-02   1.2211473e-01   1.0919158e-01   2.7041113e-02
   6.1456118e-04   6.6629451e-02   1.2040069e-01   2.2912137e-02   3.8709001e-02   9.4548826e-03   4.4189347e-02   1.4078919e-01   1.4265110e-02   1.8100858e-02   4.5552866e-02   1.1559557e-01   4.9341370e-02   7.5821827e-02   1.5671174e-01   8.0911394e-02
   7.4081203e-04   3.0368168e-02   1.7597658e-01   8.8844783e-02   1.0380773e-02   9.0534930e-03   5.3244732e-02   2.9349815e-02   4.0041701e-02   1.0249921e-01   1.0586408e-01   1.1154338e-03   6.4862361e-02   6.6307138e-02   1.1751187e-01   1.0383905e-01
   7.6133079e-04   3.3301008e-02   1.2279340e-01   1.3049194e-01   1.0988735e-04   1.7093724e-01   2.9756233e-02   1.4158813e-02   1.8563722e-02   6.1863821e-02   1.0020145e-01   1.3655069e-01   2.0203967e-02   5.5012716e-02   9.1287609e-02   1.4006178e-02
   7.6179990e-04   3.9124730e-02   8.1574003e-02   1.4500255e-01   1.0396039e-01   2.8987472e-03   1.1431501e-02   6.1213984e-02   9.4810147e-02   1.4662432e-01   1.2108377e-01   1.7706510e-02   2.3435399e-02   5.8141491e-03   1.0613469e-01   3.8423306e-02
   9.1229046e-04   1.5627522e-01   7.6597246e-02   3.5247103e-03   1.3015855e-01   4.3529397e-02   8.8088255e-02   1.8718676e-03   2.4445788e-02   3.4450962e-02   1.8131899e-01   1.3460263e-01   5.2386918e-02   2.6546129e-02   3.1541923e-02   1.3749132e-02
   9.6495758e-04   1.3265382e-01   7.7088910e-03   5.8097784e-02   1.3772419e-01   4.6126250e-03   6.2828280e-02   8.1945888e-03   2.3910515e-02   4.3421443e-02   1.3001138e-01   9.1898605e-02   3.5163392e-02   1.5312616e-01   3.5998324e-02   7.3685043e-02
   1.2156550e-03   2.8168892e-02   3.1111915e-02   2.1942182e-02   1.3871856e-01   9.3758888e-03   6.4552509e-03   1.8716426e-01   1.2566671e-02   1.7523847e-01   1.5775067e-01   3.4834860e-02   4.8666293e-02   6.0730252e-04   4.5705473e-02   1.0047766e-01
   1.2176819e-03   1.1637778e-01   1.1664876e-01   1.3524459e-01   1.4800570e-01   1.7799249e-03   9.9894190e-02   1.2567905e-02   5.5590648e-02   8.2886053e-02   1.6186613e-02   1.5484314e-01   1.6169566e-02   6.2877790e-03   1.4096326e-02   2.2203348e-02
   1.3814904e-03   1.5740878e-01   3.1376238e-02   4.3086160e-03   3.6712730e-02   5.7060762e-03   2.0043387e-02   7.2447030e-04   6.0474071e-02   1.4380164e-01   4.1810208e-02   4.6156515e-02   1.2591681e-01   1.1666196e-01   1.4829324e-01   5.9223758e-02
   1.4021333e-03   1.1969193e-01   3.3532088e-03   4.8848189e-02   9.3755956e-02   1.6048838e-01   9.7208469e-02   7.7788920e-03   5.6550718e-02   1.4885936e-01   5.5012981e-03   1.4976274e-03   2.8857198e-02   1.3188678e-02   1.4336535e-01   6.9652612e-02
   1.4042999e-03   5.2705428e-02   1.6203932e-01   2.1039865e-02   7.3041721e-02   1.5471145e-01   8.1822055e-02   2.3690288e-03   1.2276924e-01   8.2185987e-02   4.5503703e-02   1.1564391e-02   4.3635041e-03   1.6040914e-01   2.0019978e-02   4.0508996e-03
   1.4206226e-03   1.2853171e-01   8.5361127e-02   2.3866576e-03   6.4957773e-02   5.7499836e-03   5.4316429e-02   3.0384700e-02   4.3150826e-02   1.4869960e-01   1.2654952e-01   1.6654640e-01   6.9050047e-02   1.3300334e-03   4.0786231e-02   3.0778343e-02
   1.5044629e-03   4.7861016e-02   1.1963940e-02   3.0113043e-02   1.2553854e-01   6.8473167e-02   4.5674377e-02   1.3000099e-01   1.3420439e-01   1.0215254e-02   3.1909205e-02   2.5356735e-02   3.1456898e-02   2.4587148e-02   2.0842576e-01   7.2715070e-02
   1.6191448e-03   6.6263182e-04   6.1175170e-02   1.6882975e-01   8.3152002e-02   9.5148148e-03   1.3091768e-02   1.4986654e-01   1.6152330e-01   1.8060802e-02   9.5849726e-03   6.7555890e-02   2.8341449e-02   1.0351932e-01   2.3619656e-02   9.9882790e-02
   1.6564795e-03   1.0290659e-01   1.3887020e-01   1.6406057e-02   7.7734592e-02   1.3140272e-01   2.1540288e-02   2.5560474e-02   7.6073948e-02   2.2808410e-02   8.6494641e-05   1.4808817e-01   1.3989350e-02   1.5147423e-01   3.7655219e-02   3.3746774e-02
   1.6951207e-03   6.3722936e-03   9.7167297e-02   8.2767301e-02   1.2414406e-01   1.6556874e-01   8.7196882e-04   7.8842560e-02   3.4829022e-02   8.3159873e-02   9.8713471e-02   4.6984434e-02   1.2278711e-02   1.0459630e-01   5.2409754e-02   9.5990837e-03
   2.0724446e-03   7.2458427e-03   2.9180942e-02   9.7439412e-02   2.4474229e-02   3.1117454e-02   1.1033813e-01   1.6560045e-01   4.8123990e-02   7.2765587e-02   2.2749933e-02   1.0427298e-01   9.1471646e-02   9.2745161e-02   6.5464908e-03   9.3855302e-02
   2.2576268e-03   3.8427989e-02   9.9989920e-02   2.9409247e-03   1.5621551e-01   1.1180952e-02   1.2799717e-02   1.9538150e-03   7.3419815e-02   6.8138751e-02   1.0369333e-01   9.2260259e-02   1.7209034e-01   1.0356747e-01   5.1651610e-02   9.4119700e-03
   2.3425912e-03   1.1997558e-02   1.2290442e-02   1.0504648e-01   3.5780102e-02   1.3977974e-01   1.3727210e-01   4.8024621e-02   1.6169220e-01   4.0861342e-02   1.0685785e-02   3.1545354e-02   9.0681775e-02   1.2831156e-01   2.8606835e-02   1.5081522e-02
   2.3721945e-03   6.4482984e-02   2.5322122e-02   3.8457869e-02   1.4280326e-01   7.2284217e-02   5.1915367e-04   1.4974223e-01   6.6934291e-02   1.0446428e-02   1.4172614e-01   1.1154655e-01   4.1637651e-02   2.2870629e-02   1.0266102e-01   6.1932610e-03
   2.4115983e-03   6.4405876e-04   2.9760556e-02   1.0985200e-01   9.9533178e-02   5.3573665e-03   1.6279543e-01   1.7604169e-01   1.2680571e-01   2.5737732e-02   3.6304185e-03   1.3697541e-01   4.9319402e-03   7.6525012e-02   9.6180793e-04   3.8036085e-02
   2.4880192e-03   2.5347541e-02   1.1287455e-01   1.1708675e-01   1.2018565e-01   4.8277598e-03   1.0377926e-01   6.9740348e-02   1.1859248e-02   8.1752685e-03   1.4969465e-01   4.4781433e-02   2.3979598e-02   1.5214091e-01   4.3796813e-02   9.2422047e-03
   2.5481476e-03   8.3688910e-04   9.5191624e-02   8.8977762e-02   4.5253518e-03   1.1601687e-01   3.8538666e-02   1.1178852e-01   8.0630636e-02   4.7207386e-02   6.2705111e-03   1.1411557e-03   6.7784196e-02   1.3001351e-01   1.0083108e-01   1.0769769e-01
   2.7557340e-03   6.0766397e-02   8.4179636e-02   1.7905079e-02   2.8160602e-02   1.9154208e-01   6.4977568e-02   1.4120632e-01   1.1801640e-03   1.1228455e-01   1.1966049e-03   9.3508448e-02   2.4613830e-03   9.9676417e-03   1.0599819e-01   8.1909602e-02
   3.1199491e-03   2.8358886e-02   1.5842761e-01   8.3326176e-02   3.2463602e-02   1.6324576e-01   2.0761917e-02   1.2675325e-02   1.5911662e-02   5.2304131e-02   4.0821828e-02   4.4806843e-02   1.1340365e-02   6.5775276e-02   9.6076389e-02   1.7058427e-01
   3.4422978e-03   2.4548102e-02   5.3278115e-02   3.9041538e-02   2.3121972e-02   9.4618325e-02   2.3023539e-03   7.0306985e-02   2.2118480e-02   8.6970936e-02   2.0913753e-01   1.1133332e-02   1.9859474e-01   4.2115541e-02   1.1272501e-01   6.5447494e-03
   3.4581742e-03   1.3236066e-01   6.0814336e-03   8.9790908e-02   1.6512316e-02   3.3061965e-02   3.5074209e-02   1.5539654e-01   5.9036877e-02   5.5617713e-02   2.7480928e-02   1.6510288e-01   1.0507283e-02   8.2228191e-02   1.8794020e-03   1.2641052e-01
   3.5007094e-03   1.4690636e-01   9.4999549e-02   6.2962896e-02   6.9593006e-02   9.6231753e-02   3.4090246e-03   1.0789541e-02   1.5888876e-02   3.3965882e-02   1.3126978e-01   1.0656584e-03   4.9035720e-03   3.9339861e-02   1.5079970e-01   1.3437383e-01
   3.6840761e-03   5.8966990e-03   1.5979464e-01   8.3706689e-03   3.2165142e-02   1.5472027e-01   2.8093331e-02   2.2999359e-02   9.0252659e-02   2.3458646e-03   4.5095011e-02   9.3092392e-02   4.0471732e-02   1.4198590e-01   1.9623425e-02   1.5140883e-01
   3.7274708e-03   2.3296744e-02   5.0492865e-02   1.5059387e-01   4.7227140e-02   1.4110755e-02   4.7154681e-02   1.7517081e-01   4.7624125e-04   2.0434796e-02   1.3422087e-01   5.4064390e-02   1.6219444e-01   5.9039189e-02   1.4531632e-02   4.3264107e-02
   3.7400742e-03   1.5707883e-02   1.1016285e-01   3.4451504e-02   8.5449081e-02   7.8726086e-02   1.1463728e-01   8.6688523e-03   1.5672535e-01   1.5380132e-01   2.5280147e-02   2.9203878e-02   6.1193390e-03   2.3454064e-02   1.0946224e-01   4.4410065e-02
   3.8827122e-03   2.9903958e-02   1.8448163e-01   4.6248520e-02   9.2201497e-02   3.3912628e-02   2.8457893e-03   9.6776456e-02   3.9406107e-02   1.1373984e-01   1.8364844e-02   7.0071130e-02   1.7403891e-01   2.0743659e-02   6.1921285e-02   1.1461037e-02
   3.8873330e-03   3.3153907e-02   9.2539055e-02   1.9782254e-02   2.3199599e-02   5.5996810e-02   7.6882636e-02   1.7954137e-02   5.1821674e-02   2.8178573e-04   1.8244947e-01   1.9167180e-02   4.5192218e-02   1.7906479e-01   1.0634421e-01   9.2282940e-02
   3.9635792e-03   3.9951417e-02   3.5280352e-02   1.2632617e-01   1.9702145e-03   1.0922008e-01   9.9933873e-02   2.2359650e-03   1.2248553e-01   1.5801895e-02   1.1301787e-01   1.0613765e-01   4.6717467e-03   7.1194329e-02   8.1852491e-02   6.5956838e-02
   4.0687068e-03   2.2542242e-02   5.1234630e-02   5.9246094e-03   6.5711017e-03   1.3151892e-01   8.5663864e-02   1.3842577e-01   3.4122088e-02   8.4945207e-02   7.3520722e-02   1.3003695e-01   1.1374241e-02   9.4828684e-02   1.1923776e-01   5.9845074e-03
   4.0948973e-03   5.8585501e-02   1.0224217e-01   3.9416792e-02   8.8292122e-04   8.8588100e-03   1.2015543e-01   5.0310550e-03   8.1149245e-02   9.2587607e-02   1.1899397e-04   1.1876395e-01   1.0409149e-01   1.1090344e-01   4.8477981e-02   1.0463972e-01
   4.1801907e-03   8.7698682e-02   7.4802105e-02   1.4549516e-01   1.1690940e-02   3.5515621e-03   6.7429416e-02   2.9629230e-02   7.5297729e-02   1.7064184e-02   1.4504953e-01   1.3950015e-02   2.9513996e-04   5.1598243e-02   1.3070646e-01   1.4156141e-01
   4.2479075e-03   6.0778116e-02   4.5346424e-03   4.3905019e-02   6.5833556e-02   1.9275596e-04   1.4277931e-01   1.0574142e-01   6.9227407e-02   5.9941111e-02   2.2180245e-02   4.7778357e-02   1.3807391e-01   1.2802732e-01   8.4592238e-02   2.2166683e-02
   4.2804946e-03   8.5249231e-02   1.3672791e-01   1.9412591e-02   9.1214446e-02   6.4799078e-02   1.6346041e-02   6.8786017e-02   1.6856048e-01   3.0261820e-02   4.8903063e-02   4.0454775e-04   8.8256356e-02   5.9515730e-03   8.7421146e-02   8.3425210e-02
   4.5603169e-03   1.4226324e-02   1.2537306e-01   6.9693983e-03   4.0611481e-02   3.3005651e-02   1.1213613e-01   1.6136063e-01   1.0935460e-01   2.6340406e-02   6.2705216e-02   1.2154790e-01   3.7815493e-02   1.0359388e-02   2.6049581e-03   1.3102904e-01
   4.5918591e-03   2.6303715e-02   9.1610653e-02   1.2452150e-01   8.4595725e-02   1.2082922e-02   1.5575130e-01   9.6823040e-03   5.8598568e-03   1.6151398e-01   5.6133870e-02   1.9620404e-02   1.0194749e-02   4.7511105e-03   1.1096015e-01   1.2182591e-01
   4.7170048e-03   1.0449681e-01   1.4405515e-01   3.8214757e-03   3.5439050e-02   9.8844201e-03   4.8852637e-02   1.6115270e-03   1.8502515e-01   1.7073124e-01   6.6720253e-02   6.3748420e-02   1.6725666e-02   7.4642574e-02   3.2652477e-02   3.6876144e-02
   4.7954011e-03   7.2598224e-02   1.0493502e-01   1.7645224e-01   1.1486199e-01   1.7832090e-02   3.5100897e-02   3.3013371e-02   7.2855729e-02   4.3403965e-02   4.1894465e-03   7.5494445e-04   2.0905691e-02   1.3030241e-01   2.2611287e-02   1.4538730e-01
   4.8083715e-03   1.6193513e-01   9.3183180e-04   9.1336628e-02   1.8745420e-01   1.8336560e-02   1.0311348e-01   3.8825761e-02   1.8309849e-02   1.9699125e-03   6.8763065e-02   3.1447286e-02   3.6357896e-02   2.7592162e-02   3.9245549e-02   1.6957232e-01
   4.9489235e-03   2.5054210e-02   1.1615658e-01   8.8595300e-02   8.9997302e-03   1.3634726e-01   3.0801355e-02   1.0169900e-02   4.1059401e-02   1.3115932e-01   1.4740264e-01   3.2140096e-02   5.1865565e-02   1.4289480e-02   1.5223943e-01   8.7708202e-03
   4.9726819e-03   6.8700143e-02   6.8221124e-03   3.7379776e-02   8.6167074e-02   1.3116528e-01   1.0806194e-01   3.6857999e-03   8.3259950e-03   1.3765310e-01   1.7160770e-02   6.5580478e-02   1.6458066e-01   6.5162638e-02   6.8227323e-02   2.6354228e-02
   5.0045545e-03   1.5519539e-01   1.1799694e-02   1.4146047e-01   4.9016597e-02   5.9726630e-02   1.4065897e-02   1.5445834e-01   1.3952500e-01   6.9425860e-03   3.3574001e-02   4.9809620e-03   1.0582232e-01   6.3395619e-02   4.7295088e-02   7.7368422e-03
   5.0091855e-03   7.2729372e-02   1.6904861e-01   2.6380496e-02   1.3814676e-01   7.5599101e-04   1.8097701e-01   1.9431299e-02   5.0825266e-03   1.4754454e-01   7.2574245e-02   2.4451286e-02   3.2064723e-02   1.2805671e-02   5.7679266e-02   3.5319017e-02
   5.1750021e-03   3.6793367e-03   2.6744023e-03   1.4026154e-01   2.6775684e-02   3.6621380e-02   3.9882777e-02   1.5043954e-01   6.3722332e-03   5.5192105e-02   1.1933013e-01   2.3430357e-02   7.6559165e-02   1.7271117e-01   1.2394905e-01   1.6946133e-02
   5.1927777e-03   3.2120402e-02   8.6657625e-03   1.1335511e-04   1.2209682e-01   4.5431882e-02   1.4930326e-01   1.2118359e-01   1.3954863e-02   8.2697765e-02   1.6733263e-02   9.7079076e-02   7.7344782e-03   4.8785731e-02   1.4389495e-01   1.0501203e-01
   5.1977072e-03   1.1957561e-01   7.6466264e-02   4.8627543e-02   3.9072822e-04   1.1715119e-02   1.4304767e-01   3.8970901e-02   1.2050384e-01   4.7399201e-02   2.5130714e-02   5.4010806e-02   1.1972725e-01   3.1851349e-02   1.4863386e-01   8.7514371e-03
   5.2476106e-03   7.8058163e-02   1.5930645e-01   1.0973298e-01   5.1840701e-02   7.1010505e-03   5.2367461e-02   4.4709730e-02   3.8098196e-02   6.9144525e-03   1.0729163e-01   1.1011183e-01   1.5832626e-01   3.3112167e-02   3.3108281e-02   4.6730317e-03
   5.4331850e-03   2.4338757e-02   1.3116248e-01   6.1502837e-02   2.6699600e-03   1.4817793e-02   3.8211134e-02   9.9721469e-02   1.7732749e-03   4.8154266e-02   1.5931468e-01   2.0080576e-01   6.8815089e-03   7.9993310e-02   3.2916940e-02   9.2302653e-02
   5.8222953e-03   7.8125507e-02   1.6371854e-01   6.6626491e-03   1.6779568e-01   4.4994445e-02   3.6591624e-02   1.0020613e-02   7.6531047e-02   1.7888053e-01   9.0965699e-02   2.3017727e-02   2.8089129e-02   1.9244637e-02   4.3621436e-02   2.5918438e-02
   5.8616840e-03   1.2982719e-01   3.7043552e-03   1.1969908e-01   1.1636146e-02   1.6740219e-03   1.1567754e-01   1.1821223e-01   1.0682328e-01   7.6787504e-02   1.1062056e-01   2.0110014e-02   4.8305857e-02   2.9764648e-02   7.4618619e-03   9.3834020e-02
   5.9847260e-03   2.7256221e-02   1.1482700e-01   2.8758638e-04   1.1218577e-01   7.4455334e-03   1.3112718e-01   9.4624350e-02   1.3177025e-02   6.9517138e-02   1.5483160e-01   1.6119615e-01   8.6682077e-02   4.2945437e-03   2.1380339e-03   1.4425061e-02
   6.0962111e-03   1.5197546e-01   2.7270592e-02   1.6172331e-01   1.2373722e-01   5.2337554e-02   2.1499897e-02   2.9127121e-03   9.0760346e-02   1.6354258e-01   3.2219593e-02   3.8831945e-02   5.7341121e-03   3.1483540e-02   2.8197835e-02   6.1677099e-02
   6.1352269e-03   2.1285589e-03   6.7177251e-02   4.9339578e-02   1.3485312e-01   1.7436024e-01   1.4039478e-02   2.0897493e-03   2.4268111e-02   7.2594084e-03   1.1838509e-01   7.8348404e-02   4.4388980e-02   1.2296928e-01   1.4944193e-01   4.8155888e-03
   6.4628578e-03   9.8188829e-02   8.5444177e-02   1.3534840e-01   9.9898407e-02   5.1713325e-03   1.4042190e-02   1.2728018e-01   1.3430637e-01   2.1024343e-03   2.8784546e-03   1.3194982e-01   9.3348708e-02   2.3468085e-03   1.6797345e-02   4.4433687e-02
   6.5397798e-03   1.3991967e-01   4.3570829e-02   9.8633618e-02   4.8484087e-02   5.2778727e-02   1.0043396e-01   1.2897444e-02   3.1348706e-03   1.1840363e-02   1.3145187e-01   6.8805445e-02   1.4335330e-01   8.5692597e-03   1.2205283e-01   7.5339491e-03
   6.5507858e-03   1.4508841e-01   3.7691299e-02   1.2558774e-01   3.4663191e-03   1.0647133e-01   1.8027238e-02   9.1896241e-03   1.1099310e-01   9.2938200e-02   3.4348126e-02   3.1145367e-03   9.8940266e-02   1.2761685e-02   6.1107550e-02   1.3372379e-01
   7.0318570e-03   3.8029104e-02   3.2122848e-03   1.3465288e-01   1.2931764e-01   3.4301531e-02   3.3185184e-02   4.6888023e-02   1.2915317e-01   1.4530962e-01   8.9278282e-02   1.2054740e-02   1.3833259e-02   2.8860887e-02   1.2843351e-02   1.4204819e-01
   7.2310183e-03   1.6683787e-02   5.5040163e-02   1.6438209e-01   9.7244407e-03   6.6327275e-02   1.0226805e-01   2.7496884e-03   1.2633514e-01   5.9439261e-02   4.2943489e-02   5.3684348e-02   1.7200577e-01   1.2286943e-02   3.8997855e-03   1.0499875e-01
   7.4424608e-03   5.5013753e-02   1.9550820e-02   1.6064063e-01   7.2145684e-02   2.6589362e-02   7.7748671e-02   7.3518073e-02   2.8780960e-02   2.9508122e-02   1.5934351e-02   2.9450424e-02   1.1096811e-01   6.2331829e-02   1.4264180e-01   8.7734952e-02
   7.6842141e-03   1.2816504e-01   2.8917701e-03   7.3397179e-02   1.9267111e-02   1.2739053e-01   1.2461268e-01   2.7835076e-02   3.3828512e-02   2.7991944e-02   1.2000107e-02   3.8871869e-02   1.2294331e-01   7.2562574e-02   7.8280240e-02   1.0227785e-01
   7.8936844e-03   8.2870928e-02   4.9717068e-03   2.2510082e-02   4.6632039e-02   1.3909925e-01   7.3384476e-02   9.2072068e-02   2.5141145e-02   3.6894030e-02   1.7646384e-01   1.8308600e-02   3.3847593e-02   1.1772004e-02   1.5071137e-01   7.7427196e-02
   7.9208321e-03   5.2877261e-04   1.1930104e-02   1.4483463e-01   1.3017048e-01   1.5836422e-02   8.9522650e-03   5.5097115e-02   1.0404918e-01   1.3942509e-01   1.2737927e-01   1.4842396e-01   9.8344511e-03   6.8939996e-04   1.5409700e-03   9.3387053e-02
   7.9671821e-03   1.6498405e-01   3.8763542e-02   3.7121079e-02   1.2522264e-02   6.0923103e-02   1.5740693e-02   1.3504160e-02   8.8878612e-02   1.4846633e-02   2.4769805e-02   1.9773207e-02   6.6861520e-02   1.4679496e-01   1.1012201e-01   1.7642718e-01
   7.9836485e-03   1.3154575e-02   4.7444832e-04   2.8424419e-02   7.1683133e-02   2.0823401e-03   1.9794284e-01   1.3648908e-01   4.0547594e-02   1.8122942e-01   7.4762988e-02   2.5774071e-02   3.9371636e-02   6.8898425e-02   1.5542269e-02   9.5639111e-02
   8.0672554e-03   4.0896910e-02   1.7955847e-01   9.9104033e-03   2.7318823e-02   1.5245482e-01   8.7194829e-02   1.5735286e-02   1.0952848e-01   1.7715272e-01   1.2200308e-01   4.6876062e-03   1.4716357e-02   1.2862795e-02   6.9135074e-03   3.0998652e-02
   8.0758712e-03   3.1217181e-02   3.5490912e-02   2.3946152e-03   1.3773774e-01   1.2576652e-01   1.2477570e-01   7.3290770e-02   1.3222941e-01   7.5831518e-04   2.9292459e-03   9.4202687e-02   6.2684603e-02   1.3609779e-01   1.7812261e-02   1.4536385e-02
   8.2926783e-03   3.6579892e-02   9.5139340e-02   4.1797642e-02   2.8702044e-02   6.9026109e-02   1.0891291e-02   1.2900448e-01   1.2194647e-01   9.0437298e-02   8.3748876e-02   1.1544741e-02   2.1559324e-02   1.0828138e-01   1.1854367e-01   2.4504769e-02
   8.5533223e-03   1.8463256e-03   5.0540514e-02   6.0993529e-03   3.0313079e-02   2.1878314e-01   8.2985511e-03   2.8620938e-02   1.4680741e-01   4.1538690e-02   8.5978002e-02   1.9048841e-02   7.7089462e-03   1.7916681e-01   1.5054164e-01   1.6154426e-02
   8.5767908e-03   7.6751442e-03   1.3825419e-04   2.8568669e-02   1.5375446e-01   1.8959116e-01   2.2808945e-02   6.2793956e-02   1.4402191e-01   6.5154199e-02   1.0831124e-01   3.0658792e-02   7.1233909e-02   1.4360749e-02   1.2380466e-02   7.9971348e-02
   8.6435992e-03   2.1228501e-02   1.4059621e-01   1.7002205e-01   3.7684011e-03   1.3248258e-01   1.2885189e-01   3.3010978e-02   6.8304869e-02   6.2964673e-02   1.1836143e-02   2.1887487e-02   4.3345629e-02   1.8157672e-02   2.8337997e-04   1.3461594e-01
   8.6685105e-03   9.2950201e-03   3.1705759e-02   5.5292115e-02   1.5156389e-02   1.1406278e-02   1.4580857e-01   3.4830966e-02   9.0109689e-02   1.7600323e-01   2.7512833e-02   3.8360089e-02   6.3349752e-02   1.9870819e-01   8.4238489e-02   9.5541216e-03
   8.7155671e-03   2.0168691e-01   2.4196338e-03   7.0011222e-02   7.7162840e-02   3.9389293e-02   1.1269147e-02   5.6412128e-02   1.7328047e-01   1.7153301e-02   9.0816000e-02   4.9048247e-02   1.0108746e-02   1.9691516e-02   8.6348361e-02   8.6486620e-02
   8.7203054e-03   5.3854332e-02   8.8462958e-02   1.6872700e-01   1.0258716e-01   4.0453062e-02   6.2534892e-04   1.6274705e-01   3.0463850e-03   2.0644022e-02   1.0078459e-01   1.5052600e-01   1.6718751e-02   3.6379438e-02   5.0040245e-03   4.0719564e-02
   8.7372851e-03   7.1248459e-02   8.7497886e-03   4.1556233e-02   1.3026068e-02   5.8560290e-02   2.6204877e-02   2.5829717e-04   1.5878977e-01   1.1042230e-02   1.8485144e-01   5.0938349e-02   1.5357056e-01   6.7948182e-02   5.0845228e-02   9.3672947e-02
   8.7693097e-03   4.8958566e-02   5.8405059e-02   3.7954456e-02   5.4552914e-02   4.0996414e-02   6.2633501e-02   1.6169562e-01   1.8296740e-01   1.2233021e-01   2.3024590e-02   7.1773614e-03   1.2039405e-01   2.1965355e-02   1.0077400e-02   3.8097802e-02
   9.0318498e-03   1.0912077e-01   4.4709448e-03   1.1106041e-02   5.6849589e-02   1.1227413e-01   4.0687410e-02   2.6537389e-02   1.3200154e-02   1.9537386e-02   1.2384442e-01   1.4910496e-01   9.6606140e-02   1.3581091e-01   8.3599675e-02   8.2182197e-03
   9.0433963e-03   1.2964800e-01   1.3321933e-01   1.7031383e-02   1.4058286e-01   1.4070718e-01   5.2885723e-02   1.1391995e-01   1.6857033e-03   1.7430279e-02   4.5772509e-02   3.0933823e-03   5.1439210e-02   6.0617964e-02   7.8919490e-02   4.0036435e-03
   9.0507613e-03   3.7470152e-03   1.1677049e-02   1.3285505e-02   1.2179079e-01   2.2635215e-03   4.3939781e-02   1.4872023e-01   1.2205495e-01   3.8000799e-02   4.3215196e-02   9.2881117e-02   1.3763081e-01   3.5629134e-02   1.6123631e-01   1.4877030e-02
   9.1653559e-03   1.1268793e-01   3.7828709e-03   1.8323612e-01   5.1213046e-02   5.7682796e-03   2.1625553e-02   1.2121061e-01   1.6938586e-01   6.9569088e-02   3.3249922e-02   1.8416888e-02   2.6749827e-02   2.8835271e-02   3.7087449e-02   1.0801593e-01
   9.2522474e-03   5.9061069e-02   3.9645533e-02   1.5611770e-02   5.9619368e-03   8.2889867e-02   1.0132050e-01   5.7118183e-03   1.4659869e-01   7.8534124e-02   1.1751284e-01   3.7516991e-03   2.6720318e-02   7.8265847e-02   5.9733057e-02   1.6942869e-01
   9.6879260e-03   1.6733226e-02   1.3550616e-03   1.4129088e-01   1.1439865e-01   1.3179581e-01   3.3049341e-03   1.4138802e-01   1.4587510e-02   1.6006240e-02   1.1013718e-01   3.7048944e-02   1.9644889e-02   4.6375649e-03   1.3463727e-01   1.0334590e-01
   9.9494210e-03   1.6810208e-01   4.9171840e-02   3.5566080e-02   4.2609234e-02   3.0662411e-03   6.6251085e-02   1.2380692e-01   4.6222557e-02   1.1974862e-01   1.1591917e-02   2.5651573e-02   4.8141309e-03   4.6734121e-02   1.0557959e-01   1.4113458e-01
   9.9641188e-03   1.4161348e-02   1.9806416e-01   1.9571706e-02   6.9651807e-02   1.9241547e-01   9.4390640e-02   3.7802225e-02   9.9402893e-02   2.4518337e-02   3.8700509e-02   2.2069287e-02   2.2388785e-02   1.7936947e-02   9.3475517e-03   1.2961421e-01
   1.0131655e-02   3.3306848e-02   3.9866932e-02   1.4074639e-01   1.2625472e-01   1.5500260e-01   1.0003698e-01   1.9230205e-02   1.5606797e-03   5.4392715e-02   7.7838138e-03   1.9047198e-02   4.3682327e-02   1.4880492e-01   4.9968830e-02   5.0183180e-02
   1.0213756e-02   1.2412256e-02   1.3749412e-01   4.7008010e-02   2.3588709e-02   1.2623863e-01   3.2558856e-02   4.3678918e-02   3.9718056e-02   1.3637485e-01   3.2138874e-02   2.4171606e-02   5.0733615e-02   1.4638086e-01   1.3290761e-01   4.3812769e-03
   1.0241657e-02   3.3996899e-03   6.1986481e-02   5.4872758e-02   5.5532571e-02   1.1425387e-01   2.6945810e-02   4.3948277e-02   1.5828438e-01   1.5555464e-01   8.7489010e-03   7.0197101e-02   9.2992126e-02   1.3524405e-02   3.2794855e-02   9.6722477e-02
   1.0530380e-02   1.3842454e-01   4.9011633e-03   7.4105430e-02   1.2582229e-01   7.5150734e-02   2.5948983e-02   2.7791361e-02   8.3349685e-04   1.2662691e-01   2.1912728e-03   3.2906755e-03   1.4861581e-01   1.4058255e-02   9.3300649e-02   1.2840805e-01
   1.0686334e-02   2.9662304e-02   3.2796513e-02   3.7509927e-03   6.8411309e-02   6.4054384e-03   1.4007950e-01   1.5080228e-01   1.0425181e-01   7.3570232e-03   3.1973390e-02   7.6014651e-03   3.6303235e-02   1.2319687e-01   8.3026749e-02   1.6369479e-01
   1.0695929e-02   7.4951636e-02   1.7460132e-01   1.0076274e-01   1.2496226e-02   7.7525061e-02   1.7601236e-03   2.6903309e-02   1.3005940e-02   4.9625198e-02   1.9723410e-02   1.9000249e-01   5.4546526e-02   2.9436181e-02   4.4710367e-02   1.1925355e-01
   1.0776978e-02   1.1488603e-02   1.4720244e-01   5.9466097e-03   1.5698963e-01   9.7801918e-03   1.6922584e-01   1.0700293e-01   5.9716395e-02   1.6584994e-02   4.9642230e-02   9.1998123e-02   4.4182750e-03   1.1419718e-01   1.4461095e-02   3.0568480e-02
   1.0825869e-02   9.8714484e-02   6.8757882e-03   4.5684302e-02   3.5011495e-02   9.2238187e-02   6.3902636e-02   1.5257212e-01   5.3749134e-03   1.8478717e-02   1.0179530e-01   4.3612026e-02   1.6558941e-01   3.5683316e-02   1.1568904e-01   7.9524033e-03
   1.0848272e-02   9.1179396e-03   1.2029141e-01   1.5028521e-01   1.0421985e-01   6.2056668e-02   4.6256303e-03   7.4604404e-03   4.6505352e-02   9.6137501e-02   8.3515970e-03   2.5194350e-02   9.9379436e-02   3.5062765e-02   1.0071489e-01   1.1974870e-01
   1.0996020e-02   1.3299037e-01   1.2441991e-01   1.1990315e-01   6.8883275e-02   1.0520799e-02   1.8978681e-02   9.4789056e-02   8.9708150e-02   1.4092235e-01   2.3975653e-02   1.5697478e-02   1.2743016e-01   4.9677171e-03   1.3768774e-02   2.0484408e-03
   1.1084305e-02   1.5755647e-01   6.5739250e-02   2.9651025e-02   3.5456407e-02   1.7747535e-02   1.5552394e-02   1.1672680e-01   9.5323654e-02   8.0307027e-03   6.1981345e-02   1.5650576e-02   1.5851319e-01   2.6440182e-02   1.3767681e-01   4.6869346e-02
   1.1140910e-02   1.3548750e-01   1.2563901e-01   2.7384947e-02   4.0880568e-02   1.2309870e-01   9.4815031e-02   9.7866013e-03   1.4546113e-02   9.8350345e-02   3.3660336e-02   1.6052107e-02   1.0944963e-01   5.8123588e-02   5.9186758e-02   4.2397862e-02
   1.1525215e-02   2.1074249e-02   1.2884588e-01   3.9161667e-03   4.9464721e-02   6.6111293e-02   2.5156264e-02   1.0919285e-01   2.3465821e-02   5.9167469e-02   5.6514428e-02   7.8496084e-03   6.7215272e-02   8.9430324e-03   1.6418715e-01   1.9737058e-01
   1.2082654e-02   1.3203920e-02   1.2395309e-01   1.6609772e-02   1.0003060e-01   5.2721893e-02   1.1041725e-02   9.6136298e-02   1.1689580e-01   9.8008210e-03   1.0830044e-01   4.7808332e-02   1.3818581e-01   6.2129473e-03   8.7704833e-03   1.3824542e-01
   1.2747275e-02   6.1683744e-02   3.5792853e-02   2.1764524e-02   1.7739121e-01   1.0235507e-01   8.7136315e-03   1.6381036e-01   8.2407658e-02   2.7495063e-03   1.1366599e-01   1.1103496e-03   1.6253665e-01   3.0883608e-03   3.9468257e-02   1.0714562e-02
   1.3165047e-02   6.1433481e-03   1.3562598e-01   1.6274340e-02   1.8676347e-02   6.5396080e-02   1.7694066e-02   3.2607970e-02   4.6232235e-02   1.2702137e-01   6.8792065e-03   8.5256804e-02   4.5441482e-02   1.2202199e-01   1.1929346e-01   1.4227027e-01
   1.3263987e-02   1.7638667e-01   8.6582235e-03   8.8954494e-03   6.4831616e-02   3.8121025e-02   3.2627191e-02   6.2805983e-02   1.5444324e-01   7.9840320e-03   3.3140505e-03   9.4866483e-02   1.1677213e-01   7.5332405e-02   1.3550595e-01   6.1915590e-03
   1.3275606e-02   1.4770977e-01   8.2323765e-02   1.0746901e-01   6.2526811e-03   1.0978583e-01   6.1955458e-02   6.8111917e-02   5.3353850e-02   1.0580710e-01   8.7315441e-03   1.8821388e-03   9.6869098e-04   1.4988688e-01   5.5771523e-02   2.6714226e-02
   1.3304367e-02   2.5565441e-02   1.3147916e-01   1.3086994e-01   1.4108903e-02   2.9195447e-02   1.0809329e-01   1.9321814e-01   8.1287060e-03   1.2641691e-01   2.5928600e-02   1.3420950e-01   1.1627032e-02   1.9099027e-02   7.2093113e-03   2.1546226e-02
   1.3416422e-02   1.0756183e-01   3.4331236e-02   1.0381695e-02   1.0546580e-02   1.5870024e-01   1.4065811e-01   1.7217392e-01   5.3183258e-02   4.7589761e-02   1.4805567e-01   5.7299094e-02   8.2336423e-03   1.0536992e-02   2.6889250e-02   4.4229577e-04
   1.3958231e-02   9.2518429e-02   1.1183462e-01   5.1035511e-02   2.0179716e-02   1.0504453e-01   1.6149708e-01   6.5375388e-02   6.1247100e-03   4.7507452e-02   1.5097416e-02   1.1434296e-01   1.4192052e-01   2.6039861e-03   5.3970383e-03   4.5562410e-02
   1.4200530e-02   9.1274705e-02   8.3330097e-03   1.5826369e-01   1.5453565e-01   4.4107169e-02   8.3874726e-02   5.6280791e-02   1.0728841e-01   2.5023977e-02   2.6334954e-02   8.2298350e-03   5.7391281e-02   1.5057876e-01   4.3483884e-03   9.9341309e-03
   1.4462460e-02   5.2267896e-02   2.8057166e-02   3.3215503e-02   1.0047245e-01   1.0158684e-01   3.2681911e-02   1.6032589e-01   8.4645011e-02   2.0706372e-02   9.1283317e-02   3.4908216e-02   6.0656697e-03   1.4977188e-02   7.2386605e-02   1.5195750e-01
   1.4598064e-02   1.4185972e-01   8.0249615e-03   1.6223783e-01   5.8602734e-02   6.9581028e-03   1.4628550e-02   7.1036303e-02   8.0091708e-03   1.1912282e-01   7.5447909e-03   4.2212215e-02   7.0359772e-02   1.0767712e-01   1.6474215e-01   2.3856945e-03
   1.4673386e-02   3.8795434e-02   1.0085219e-01   7.8299780e-02   2.0906531e-02   1.2018813e-01   1.6489950e-01   3.5033286e-02   8.2584377e-03   1.5515432e-02   7.7986339e-02   1.1346284e-03   9.1334408e-03   1.8122357e-01   5.1037079e-02   8.2062827e-02
   1.4691276e-02   9.8012357e-03   1.5288277e-01   1.2402988e-01   1.2083583e-01   5.9989908e-02   6.8904724e-03   5.4369180e-03   5.3787831e-02   1.3623338e-01   1.4734955e-01   3.0127988e-02   4.4020741e-02   4.9337179e-02   4.7734262e-03   3.9811625e-02
   1.4780927e-02   5.4857928e-02   2.0937367e-03   2.8545278e-02   3.1962051e-02   1.1006523e-01   1.9392426e-01   7.2065203e-02   5.3607095e-02   1.1851853e-03   8.7081205e-02   9.1655680e-02   3.1413970e-02   6.1014201e-02   4.1101481e-03   1.6163790e-01
   1.4963911e-02   9.5910347e-02   2.0537229e-03   1.0727556e-02   8.3161283e-02   1.0757864e-01   1.2191393e-01   1.1772755e-02   2.9542456e-02   6.0647087e-03   1.7139771e-01   8.0513339e-04   1.4897920e-01   1.4798433e-02   4.4867904e-02   1.3546231e-01
   1.5051122e-02   1.5529861e-01   4.4488695e-02   7.5600216e-03   2.6981332e-02   1.5601373e-01   5.5780376e-03   1.7262785e-04   1.0853545e-01   1.0989512e-01   5.7375691e-02   4.0096762e-02   1.2281766e-01   5.5841893e-03   1.3324378e-01   1.1307180e-02
   1.5202080e-02   2.3115178e-02   1.6219746e-01   2.3877869e-02   7.7909427e-02   1.4775366e-02   1.1060159e-02   3.4983754e-02   1.5389193e-01   8.3448777e-02   2.3727698e-02   1.7906570e-01   5.2838129e-03   1.1550722e-01   5.8647682e-02   1.7305884e-02
   1.5297529e-02   3.7324405e-04   1.0591863e-01   5.9945773e-02   1.1020844e-02   1.3550070e-01   8.9958386e-02   1.3305017e-01   8.0419017e-03   9.3032869e-02   8.2589731e-02   1.4335908e-02   5.3175463e-03   2.6067761e-02   1.7542041e-01   4.4128605e-02
   1.5578783e-02   1.3548522e-01   9.1634094e-04   8.8717809e-03   2.7029537e-02   1.1105984e-01   6.0346215e-03   4.8143889e-02   9.4243684e-03   9.1909284e-02   1.4024329e-01   4.0366083e-03   1.4903608e-01   8.9348177e-02   1.4860321e-01   1.4278973e-02
   1.5963200e-02   1.9406204e-01   1.7981810e-02   7.8848538e-02   1.5532465e-01   2.2039751e-02   9.5449185e-02   7.5455758e-02   7.6881522e-03   8.1793365e-02   4.1769196e-02   8.9966210e-02   3.1856954e-02   7.0109524e-02   1.8371502e-02   3.3201610e-03
   1.6056650e-02   1.7691620e-01   7.7651784e-02   1.1957712e-02   1.8213144e-01   1.2636343e-01   1.4717404e-02   5.0566085e-02   1.3066467e-02   1.9446381e-02   5.6546327e-02   9.5767003e-03   8.1673788e-03   8.7493385e-02   2.0308839e-02   1.2903383e-01
   1.6154491e-02   2.7185756e-02   1.3531173e-01   8.7385619e-02   9.3685405e-02   5.0811798e-02   3.8149030e-02   6.0334495e-03   9.6549642e-02   1.1351778e-01   1.0551776e-02   2.3641508e-02   1.4101302e-01   1.4343912e-01   7.0279900e-04   1.5867076e-02
   1.6472294e-02   1.2118433e-02   5.1446947e-02   7.2712178e-02   1.8376828e-02   1.6818369e-01   5.1791059e-02   1.9580353e-01   2.3846488e-02   3.0274636e-02   2.0938620e-02   8.9355172e-02   4.1503737e-02   1.6606442e-01   1.1235482e-02   2.9876478e-02
   1.6604357e-02   4.2726547e-03   1.3416502e-01   5.2887344e-03   1.0269894e-01   1.0987736e-01   1.0206449e-01   5.4188911e-02   6.3972180e-03   8.6738973e-02   3.7061258e-03   4.6979014e-02   9.3458506e-02   1.9135105e-01   2.4501469e-02   1.7707172e-02
   1.6828931e-02   1.1949668e-02   1.6241650e-02   2.6597050e-02   4.4539759e-02   1.3155952e-01   1.1450979e-01   3.7934867e-02   1.3949075e-01   9.8553703e-02   1.1614971e-01   4.2227374e-02   8.2756254e-02   6.1756261e-03   4.8370022e-02   6.6115321e-02
   1.7269663e-02   1.1148001e-01   1.2469013e-01   1.6369193e-02   1.0607115e-01   2.1081791e-04   3.8982761e-02   6.0353846e-02   9.9343785e-02   5.4750745e-02   1.2497270e-01   1.2813573e-02   7.2180771e-02   1.1627733e-01   4.1846029e-02   2.3874940e-03
   1.7311012e-02   7.5078747e-03   4.5314503e-02   3.0381939e-03   1.2429958e-01   4.4163804e-02   6.7145735e-03   1.5309430e-01   1.2178731e-01   2.7451118e-02   9.6716873e-02   1.0129613e-01   7.5738723e-02   1.6554324e-01   8.8644063e-03   1.1583456e-03
   1.7359520e-02   5.6960963e-03   6.3032351e-02   1.4674033e-01   1.2849627e-01   2.0861758e-02   1.7709314e-01   1.9708748e-02   5.2957641e-02   1.7052819e-02   4.1755535e-02   3.6201723e-02   1.0452245e-01   1.5299578e-01   3.4082643e-03   1.2117584e-02
   1.7432066e-02   1.0497322e-01   6.6913177e-02   2.0123847e-02   7.5348302e-02   8.8784276e-02   8.9849729e-03   1.4649231e-01   3.5857574e-02   1.3831217e-01   1.0796951e-01   4.6237983e-02   9.7371681e-02   8.9872908e-03   3.3441717e-02   2.7698973e-03
   1.7943823e-02   1.2324956e-03   5.7724401e-02   7.6110372e-02   9.8445365e-03   4.0611300e-02   7.1369511e-03   5.0914200e-03   8.7416455e-02   1.4617719e-01   1.2553952e-01   2.1730334e-02   7.5862037e-03   5.7363033e-02   1.6476681e-01   1.7372515e-01
