   0.0000000e+00   0.0000000e+00   0.0000000e+00   0.0000000e+00   0.0000000e+00   0.0000000e+00   0.0000000e+00   0.0000000e+00   0.0000000e+00   0.0000000e+00   0.0000000e+00   0.0000000e+00   0.0000000e+00   0.0000000e+00   0.0000000e+00   0.0000000e+00   0.0000000e+00   0.0000000e+00   0.0000000e+00   0.0000000e+00   0.0000000e+00   1.0000000e+00
   0.0000000e+00   0.0000000e+00   0.0000000e+00   0.0000000e+00   0.0000000e+00   0.0000000e+00   0.0000000e+00   0.0000000e+00   0.0000000e+00   0.0000000e+00   0.0000000e+00   0.0000000e+00   0.0000000e+00   0.0000000e+00   0.0000000e+00   0.0000000e+00   0.0000000e+00   0.0000000e+00   0.0000000e+00   0.0000000e+00   1.0000000e+00   0.0000000e+00
   0.0000000e+00   0.0000000e+00   0.0000000e+00   0.0000000e+00   0.0000000e+00   0.0000000e+00   0.0000000e+00   0.0000000e+00   0.0000000e+00   0.0000000e+00   0.0000000e+00   0.0000000e+00   0.0000000e+00   0.0000000e+00   0.0000000e+00   0.0000000e+00   0.0000000e+00   0.0000000e+00   0.0000000e+00   1.0000000e+00   0.0000000e+00   0.0000000e+00
   0.0000000e+00   0.0000000e+00   0.0000000e+00   0.0000000e+00   0.0000000e+00   0.0000000e+00   0.0000000e+00   0.0000000e+00   0.0000000e+00   0.0000000e+00   0.0000000e+00   0.0000000e+00   0.0000000e+00   0.0000000e+00   0.0000000e+00   0.0000000e+00   0.0000000e+00   0.0000000e+00   1.0000000e+00   0.0000000e+00   0.0000000e+00   0.0000000e+00
   0.0000000e+00   0.0000000e+00   0.0000000e+00   0.0000000e+00   0.0000000e+00   0.0000000e+00   0.0000000e+00   0.0000000e+00   0.0000000e+00   0.0000000e+00   0.0000000e+00   0.0000000e+00   0.0000000e+00   0.0000000e+00   0.0000000e+00   0.0000000e+00   0.0000000e+00   1.0000000e+00   0.0000000e+00   0.0000000e+00   0.0000000e+00   0.0000000e+00
   0.0000000e+00   0.0000000e+00   0.0000000e+00   0.0000000e+00   0.0000000e+00   0.0000000e+00   0.0000000e+00   0.0000000e+00   0.0000000e+00   0.0000000e+00   0.0000000e+00   0.0000000e+00   0.0000000e+00   0.0000000e+00   0.0000000e+00   0.0000000e+00   1.0000000e+00   0.0000000e+00   0.0000000e+00   0.0000000e+00   0.0000000e+00   0.0000000e+00
   0.0000000e+00   0.0000000e+00   0.0000000e+00   0.0000000e+00   0.0000000e+00   0.0000000e+00   0.0000000e+00   0.0000000e+00   0.0000000e+00   0.0000000e+00   0.0000000e+00   0.0000000e+00   0.0000000e+00   0.0000000e+00   0.0000000e+00   1.0000000e+00   0.0000000e+00   0.0000000e+00   0.0000000e+00   0.0000000e+00   0.0000000e+00   0.0000000e+00
   0.0000000e+00   0.0000000e+00   0.0000000e+00   0.0000000e+00   0.0000000e+00   0.0000000e+00   0.0000000e+00   0.0000000e+00   0.0000000e+00   0.0000000e+00   0.0000000e+00   0.0000000e+00   0.0000000e+00   0.0000000e+00   1.0000000e+00   0.0000000e+00   0.0000000e+00   0.0000000e+00   0.0000000e+00   0.0000000e+00   0.0000000e+00   0.0000000e+00
   0.0000000e+00   0.0000000e+00   0.0000000e+00   0.0000000e+00   0.0000000e+00   0.0000000e+00   0.0000000e+00   0.0000000e+00   0.0000000e+00   0.0000000e+00   0.0000000e+00   0.0000000e+00   0.0000000e+00   1.0000000e+00   0.0000000e+00   0.0000000e+00   0.0000000e+00   0.0000000e+00   0.0000000e+00   0.0000000e+00   0.0000000e+00   0.0000000e+00
   0.0000000e+00   0.0000000e+00   0.0000000e+00   0.0000000e+00   0.0000000e+00   0.0000000e+00   0.0000000e+00   0.0000000e+00   0.0000000e+00   0.0000000e+00   0.0000000e+00   0.0000000e+00   1.0000000e+00   0.0000000e+00   0.0000000e+00   0.0000000e+00   0.0000000e+00   0.0000000e+00   0.0000000e+00   0.0000000e+00   0.0000000e+00   0.0000000e+00
   0.0000000e+00   0.0000000e+00   0.0000000e+00   0.0000000e+00   0.0000000e+00   0.0000000e+00   0.0000000e+00   0.0000000e+00   0.0000000e+00   0.0000000e+00   0.0000000e+00   1.0000000e+00   0.0000000e+00   0.0000000e+00   0.0000000e+00   0.0000000e+00   0.0000000e+00   0.0000000e+00   0.0000000e+00   0.0000000e+00   0.0000000e+00   0.0000000e+00
   0.0000000e+00   0.0000000e+00   0.0000000e+00   0.0000000e+00   0.0000000e+00   0.0000000e+00   0.0000000e+00   0.0000000e+00   0.0000000e+00   0.0000000e+00   1.0000000e+00   0.0000000e+00   0.0000000e+00   0.0000000e+00   0.0000000e+00   0.0000000e+00   0.0000000e+00   0.0000000e+00   0.0000000e+00   0.0000000e+00   0.0000000e+00   0.0000000e+00
   0.0000000e+00   0.0000000e+00   0.0000000e+00   0.0000000e+00   0.0000000e+00   0.0000000e+00   0.0000000e+00   0.0000000e+00   0.0000000e+00   1.0000000e+00   0.0000000e+00   0.0000000e+00   0.0000000e+00   0.0000000e+00   0.0000000e+00   0.0000000e+00   0.0000000e+00   0.0000000e+00   0.0000000e+00   0.0000000e+00   0.0000000e+00   0.0000000e+00
   0.0000000e+00   0.0000000e+00   0.0000000e+00   0.0000000e+00   0.0000000e+00   0.0000000e+00   0.0000000e+00   0.0000000e+00   1.0000000e+00   0.0000000e+00   0.0000000e+00   0.0000000e+00   0.0000000e+00   0.0000000e+00   0.0000000e+00   0.0000000e+00   0.0000000e+00   0.0000000e+00   0.0000000e+00   0.0000000e+00   0.0000000e+00   0.0000000e+00
   0.0000000e+00   0.0000000e+00   0.0000000e+00   0.0000000e+00   0.0000000e+00   0.0000000e+00   0.0000000e+00   1.0000000e+00   0.0000000e+00   0.0000000e+00   0.0000000e+00   0.0000000e+00   0.0000000e+00   0.0000000e+00   0.0000000e+00   0.0000000e+00   0.0000000e+00   0.0000000e+00   0.0000000e+00   0.0000000e+00   0.0000000e+00   0.0000000e+00
   0.0000000e+00   0.0000000e+00   0.0000000e+00   0.0000000e+00   0.0000000e+00   0.0000000e+00   1.0000000e+00   0.0000000e+00   0.0000000e+00   0.0000000e+00   0.0000000e+00   0.0000000e+00   0.0000000e+00   0.0000000e+00   0.0000000e+00   0.0000000e+00   0.0000000e+00   0.0000000e+00   0.0000000e+00   0.0000000e+00   0.0000000e+00   0.0000000e+00
   0.0000000e+00   0.0000000e+00   0.0000000e+00   0.0000000e+00   0.0000000e+00   1.0000000e+00   0.0000000e+00   0.0000000e+00   0.0000000e+00   0.0000000e+00   0.0000000e+00   0.0000000e+00   0.0000000e+00   0.0000000e+00   0.0000000e+00   0.0000000e+00   0.0000000e+00   0.0000000e+00   0.0000000e+00   0.0000000e+00   0.0000000e+00   0.0000000e+00
   0.0000000e+00   0.0000000e+00   0.0000000e+00   0.0000000e+00   1.0000000e+00   0.0000000e+00   0.0000000e+00   0.0000000e+00   0.0000000e+00   0.0000000e+00   0.0000000e+00   0.0000000e+00   0.0000000e+00   0.0000000e+00   0.0000000e+00   0.0000000e+00   0.0000000e+00   0.0000000e+00   0.0000000e+00   0.0000000e+00   0.0000000e+00   0.0000000e+00
   0.0000000e+00   0.0000000e+00   0.0000000e+00   1.0000000e+00   0.0000000e+00   0.0000000e+00   0.0000000e+00   0.0000000e+00   0.0000000e+00   0.0000000e+00   0.0000000e+00   0.0000000e+00   0.0000000e+00   0.0000000e+00   0.0000000e+00   0.0000000e+00   0.0000000e+00   0.0000000e+00   0.0000000e+00   0.0000000e+00   0.0000000e+00   0.0000000e+00
   0.0000000e+00   0.0000000e+00   1.0000000e+00   0.0000000e+00   0.0000000e+00   0.0000000e+00   0.0000000e+00   0.0000000e+00   0.0000000e+00   0.0000000e+00   0.0000000e+00   0.0000000e+00   0.0000000e+00   0.0000000e+00   0.0000000e+00   0.0000000e+00   0.0000000e+00   0.0000000e+00   0.0000000e+00   0.0000000e+00   0.0000000e+00   0.0000000e+00
   0.0000000e+00   1.0000000e+00   0.0000000e+00   0.0000000e+00   0.0000000e+00   0.0000000e+00   0.0000000e+00   0.0000000e+00   0.0000000e+00   0.0000000e+00   0.0000000e+00   0.0000000e+00   0.0000000e+00   0.0000000e+00   0.0000000e+00   0.0000000e+00   0.0000000e+00   0.0000000e+00   0.0000000e+00   0.0000000e+00   0.0000000e+00   0.0000000e+00
   6.4310128e-05   7.2253652e-02   7.3054628e-02   6.0967206e-03   4.9472962e-03   4.8879965e-02   3.7733246e-02   3.4365474e-02   6.0728902e-02   1.3778333e-02   8.4998147e-02   7.8979816e-02   1.0681093e-02   1.1488681e-02   1.9877726e-02   1.0577736e-01   9.9633994e-02   4.5859725e-02   1.1405895e-01   2.4274367e-02   4.1849133e-02   1.0618487e-02
   6.6086742e-05   2.7500173e-02   7.7212443e-02   1.0910238e-01   1.1474933e-01   3.9429672e-03   1.0800798e-01   5.3731117e-02   4.0830658e-02   2.3524622e-02   6.6728812e-02   9.9181017e-02   2.0761230e-03   2.0324799e-03   9.3169202e-03   6.0471886e-02   2.7256229e-03   4.2019863e-02   2.7438490e-03   3.3688022e-02   1.9984226e-02   1.0036341e-01
   1.4046328e-04   7.6913632e-02   6.9242982e-03   7.1295144e-02   7.6529171e-02   7.4421760e-02   1.2441504e-02   1.0228580e-02   6.6453352e-02   3.1821779e-02   6.5226065e-02   4.8681678e-02   3.6671270e-02   1.0990953e-01   7.9359404e-03   9.5739954e-02   2.1994900e-02   4.9102692e-02   5.8842689e-02   1.8060083e-02   5.6725847e-02   3.9396664e-03
   2.9345488e-04   1.0095392e-01   1.0266543e-01   3.4109927e-02   3.3332288e-02   7.8123431e-04   7.6491942e-02   8.2968433e-02   1.2066936e-02   2.7781260e-02   1.0006128e-01   3.9544640e-03   2.9242938e-02   4.5327474e-02   2.5833899e-03   1.0962176e-02   9.4050617e-02   7.8075759e-02   3.5864879e-02   2.1989921e-02   6.5306055e-02   4.1136221e-02
   3.1413925e-04   6.5276622e-03   1.0595359e-01   2.5460352e-02   9.3632355e-02   8.9760318e-03   3.7449699e-02   2.8297687e-03   9.8921382e-02   9.7838331e-02   1.0017997e-01   1.5101493e-02   1.0622779e-01   3.3238094e-02   7.2770961e-02   1.3617387e-02   2.0191016e-03   4.2625942e-02   1.3417576e-02   3.6586398e-02   8.2669213e-02   3.6427663e-03
   5.4004344e-04   3.2582215e-02   5.7805848e-02   1.0066191e-01   8.2368077e-02   2.2400209e-02   5.4517772e-02   5.6477532e-02   7.3659928e-02   1.0678906e-01   2.1269147e-02   1.0342258e-02   4.3005766e-02   1.0555297e-01   4.7497480e-02   2.3014684e-03   2.8947420e-02   2.6141469e-02   4.6609379e-02   2.0292186e-03   1.6769600e-03   7.6823867e-02
   5.5135244e-04   7.4300524e-02   1.0144301e-01   1.5218281e-02   1.2142589e-01   2.9743135e-02   8.4504051e-02   1.1297098e-01   7.6114470e-02   1.6296200e-03   2.9168214e-03   7.9176465e-02   3.3635894e-02   2.8888369e-02   2.3107994e-02   4.5379524e-02   4.0199087e-02   1.1476342e-02   5.8474691e-02   2.4126454e-02   3.4519946e-02   1.9710668e-04
   6.9993729e-04   2.4489530e-02   9.3105615e-02   2.3491123e-04   1.0476359e-01   1.1438228e-02   1.2563533e-02   9.3430581e-02   2.2405020e-02   7.1101271e-02   8.9575934e-03   4.9863937e-03   3.5128792e-02   4.5348042e-02   4.1613628e-02   3.3634894e-02   1.0002662e-01   1.0355098e-01   3.5792079e-04   9.6262973e-02   2.8191368e-02   6.7708581e-02
   7.0317710e-04   5.2696491e-02   6.3994327e-02   7.7868884e-02   9.1511982e-02   8.9899083e-02   5.4803456e-03   6.1916273e-02   8.2445915e-02   3.4178506e-03   4.4131737e-02   2.3425693e-02   4.8297238e-02   8.6356572e-02   7.3008357e-02   1.9464460e-02   4.0892672e-02   2.7035912e-03   7.5957995e-02   1.9823491e-03   3.2619435e-02   2.1225573e-02
   7.2178693e-04   1.0918878e-02   5.7318804e-02   3.9885335e-02   4.0638053e-02   1.7572183e-02   1.9780567e-03   9.9436894e-02   8.0268710e-02   9.4348633e-02   2.1107333e-02   8.4437252e-02   2.7702904e-02   6.8030646e-02   3.1704401e-02   6.5132339e-02   9.1206646e-04   5.1962236e-02   4.2655379e-03   7.8874216e-02   9.3338281e-02   2.9445454e-02
   7.3782936e-04   8.7382498e-02   1.5080538e-02   3.8156203e-02   1.9229793e-03   3.6850940e-02   1.2285664e-02   9.6525457e-02   7.9260991e-03   5.0159980e-02   1.1978731e-01   5.0371738e-02   9.5278918e-02   9.5437481e-02   1.0665647e-01   3.2626800e-03   7.7000888e-03   8.8797262e-03   2.2653436e-02   5.0654771e-02   1.1287649e-02   8.1001543e-02
   8.9142717e-04   5.9129330e-02   1.6774574e-02   5.8611588e-02   4.4710843e-02   5.5456318e-02   6.3898246e-02   1.2090800e-01   1.0250198e-02   4.7977729e-02   9.0012966e-04   2.8613629e-02   5.8622454e-02   2.5119884e-03   4.6151057e-02   1.2209465e-02   1.3562749e-01   2.8181423e-02   6.2980792e-02   7.7628177e-03   7.3143223e-03   1.3051618e-01
   9.9145829e-04   1.4984575e-02   4.2840563e-03   2.6645247e-02   1.7112761e-02   8.0232034e-02   9.8808231e-02   8.2488851e-02   3.7556796e-02   6.5222656e-02   8.8077716e-03   8.2767687e-02   1.0024751e-01   2.1488564e-02   1.1347488e-01   8.2571581e-03   4.3276333e-02   1.0719343e-01   4.1242322e-02   1.0054041e-02   5.0848878e-03   2.9778758e-02
   1.0206085e-03   8.9643840e-02   9.4026765e-03   8.7858797e-02   8.6030623e-02   8.2104276e-02   3.3011899e-02   2.8031186e-02   8.4984840e-02   8.8847470e-03   1.4914724e-03   8.0538380e-02   1.3178391e-03   2.1485960e-02   2.3468632e-02   8.0025847e-02   2.7648547e-03   3.0023574e-03   6.6493296e-02   7.4493211e-02   6.5666563e-02   6.8278093e-02
   1.0456152e-03   9.6096354e-02   6.4991142e-02   2.8593718e-02   4.3643146e-03   2.2814932e-02   6.9280199e-02   3.7388753e-02   1.8036628e-02   1.0867874e-01   4.1944090e-03   6.3484414e-04   7.4134744e-02   3.1539565e-02   5.7607052e-02   4.1899780e-02   4.4580313e-02   1.0158050e-01   6.6307388e-02   6.8539557e-02   1.9632724e-02   3.8058726e-02
   1.0506299e-03   8.4195905e-02   1.4635891e-02   8.9485456e-02   1.0068029e-01   8.7296362e-02   2.3572676e-03   6.5394417e-02   1.2072737e-02   1.0137892e-01   1.1687413e-02   1.2151328e-02   4.3086257e-03   8.9883356e-03   8.5814061e-02   8.4132471e-02   4.8042285e-02   3.1605907e-02   2.8120435e-02   3.2273022e-02   7.9068130e-02   1.5260113e-02
   1.1974694e-03   4.0750738e-02   1.0131316e-01   1.6768305e-03   9.3495021e-02   6.8378006e-03   4.7068558e-02   5.0946190e-03   7.0431528e-03   3.8239602e-02   9.5985348e-02   9.7110554e-02   1.2117310e-03   2.0191759e-02   1.0083955e-01   6.5698283e-02   4.3210966e-02   8.0721801e-03   1.4581580e-03   6.5444892e-02   1.0088657e-01   5.7173067e-02
   1.2266653e-03   9.9399880e-02   6.8066722e-02   3.5077772e-02   6.0819169e-03   3.9131162e-02   7.4319977e-02   8.3636825e-02   3.5842228e-03   9.6046319e-03   1.5249348e-02   4.4823773e-02   9.2437929e-02   3.2521991e-03   1.7095514e-02   9.3651208e-02   1.4704305e-02   9.9875406e-02   1.0083601e-01   9.1082470e-02   6.9805157e-04   6.1640102e-03
   1.2386618e-03   1.2999683e-02   4.7322448e-02   7.6102313e-02   1.1109248e-01   3.6704744e-02   4.7690698e-02   9.3473489e-02   9.4961048e-02   7.4817425e-02   1.5572565e-02   4.3691813e-03   3.2515577e-03   7.8988542e-02   3.4952700e-03   4.7319036e-02   1.1863588e-02   1.2693678e-03   2.6679844e-03   3.4158672e-02   9.0319340e-02   1.1032191e-01
   1.2443215e-03   1.0045547e-01   9.5789160e-02   1.5272108e-02   1.9204103e-02   6.2815202e-02   8.7745838e-03   1.0518640e-01   2.7243474e-02   4.8617139e-04   7.4021844e-02   6.8393789e-02   4.3387061e-03   6.6770165e-04   6.7657517e-02   9.8115872e-02   9.1824426e-02   3.7041569e-02   1.5560113e-02   3.5275619e-04   9.7861122e-02   7.6935955e-03
   1.2456912e-03   1.7557494e-02   2.6127828e-02   1.0056150e-02   1.9062138e-03   1.0531925e-01   6.4859558e-03   8.0004262e-02   8.2231285e-02   7.9264734e-02   8.0826155e-02   6.6732457e-02   9.2442114e-02   2.8201420e-02   5.9788296e-02   3.1501494e-02   2.7006797e-02   7.7850642e-03   4.8543947e-02   8.9369415e-02   2.0787678e-02   3.6816299e-02
   1.2615080e-03   5.8326663e-02   5.7312767e-02   2.9488225e-03   4.8122642e-02   3.4748794e-03   9.6797343e-02   5.4182156e-02   2.1949580e-02   4.0167874e-02   7.8946704e-02   9.1723210e-02   4.2441260e-03   1.0423113e-01   1.6979298e-03   2.9809514e-03   2.0338139e-02   1.5736321e-03   1.1907755e-01   3.0630347e-04   9.8600136e-02   9.1735951e-02
   1.4560460e-03   2.3209812e-03   2.3352847e-02   1.1140732e-01   2.8871018e-02   4.0921845e-03   7.8428645e-02   2.8388431e-02   1.0045913e-01   1.4087359e-02   2.3358939e-02   5.6515307e-02   1.2722857e-01   9.6481497e-03   1.5773426e-02   1.6892839e-02   3.6126371e-02   1.0238649e-01   3.6819825e-02   3.3073033e-02   6.7015542e-02   8.2297556e-02
   1.4708984e-03   6.3060660e-02   3.0868347e-02   2.9955717e-02   4.5589603e-03   5.8661212e-02   1.4370217e-02   9.4916177e-02   5.3274785e-02   1.0783158e-02   5.0480513e-02   3.0531802e-02   6.6728649e-02   8.7861727e-02   2.0298236e-02   4.8692215e-02   3.5155730e-02   2.6257338e-02   8.8623362e-02   1.0275953e-01   3.9863899e-04   8.0292124e-02
   1.7000663e-03   7.8561306e-03   1.3354204e-02   9.3241782e-02   3.1198800e-02   2.6016403e-02   1.1336050e-02   7.2494705e-02   6.8584934e-02   8.8249971e-02   9.0609684e-03   2.2409738e-02   8.0755079e-02   8.3181018e-02   7.9939336e-02   2.5441354e-03   9.1441457e-02   3.3209681e-02   7.7380293e-02   4.8774947e-02   4.2397150e-02   1.4873151e-02
   1.8087394e-03   8.9585387e-02   2.1812885e-03   4.3692220e-02   9.0348703e-02   4.3182318e-02   8.6846297e-02   8.0443123e-02   7.8190890e-02   1.1908506e-02   2.2846409e-02   1.9007343e-02   1.0393879e-02   7.5643815e-02   5.4711754e-02   4.3346217e-02   1.7695467e-02   7.8648481e-02   7.3121065e-02   2.8212983e-02   1.0481278e-02   3.7703839e-02
   1.8659270e-03   6.7631406e-02   3.9036092e-03   1.6814835e-02   3.3392825e-02   9.0826703e-02   5.5167628e-02   2.4244195e-02   7.1115863e-03   2.1452717e-02   7.6997770e-02   9.9378454e-02   4.4698484e-03   8.6173609e-02   5.6949418e-02   8.4978290e-03   1.0342473e-01   6.0112272e-02   6.6900596e-02   2.9650194e-02   8.2588758e-02   2.4450870e-03
   1.9925484e-03   2.8510021e-02   1.8032431e-02   1.0274073e-03   1.2942729e-02   5.4140921e-02   2.8192094e-02   8.0555059e-02   7.8422453e-03   5.2857579e-02   3.0233787e-02   1.2536437e-01   1.0961567e-01   2.6346220e-02   8.7336784e-03   1.2437000e-01   3.0533747e-03   2.7294832e-02   3.1627824e-02   7.1056359e-02   6.1271799e-02   9.4939064e-02
   1.9953587e-03   1.4092337e-02   3.2814306e-02   8.9432035e-02   8.6485168e-02   1.0986152e-01   1.8783728e-02   7.3657608e-02   9.4284332e-03   1.3250393e-02   7.4833624e-02   5.9043801e-02   1.7833467e-02   4.2110958e-02   1.1681168e-01   2.6890843e-02   1.9467348e-02   1.6628726e-03   1.1211844e-02   3.8842178e-04   7.8732947e-02   1.0121130e-01
   2.0385194e-03   4.4436856e-02   7.9356845e-03   2.0986518e-02   2.2081955e-02   1.1852687e-02   6.6604633e-03   4.2141553e-02   1.8609947e-02   1.0446934e-01   4.6201046e-03   1.0034937e-01   7.8657029e-03   5.5941812e-02   1.3175600e-02   7.5247230e-02   1.2755987e-01   7.6135279e-02   6.3542387e-02   4.8542371e-02   1.5734017e-02   1.3007273e-01
   2.0516236e-03   1.8233106e-02   6.8954328e-03   8.1160252e-02   6.1329369e-02   1.7996797e-02   1.0032810e-02   7.3641201e-02   1.1173794e-01   2.4603367e-03   7.0635162e-02   1.8739944e-03   1.2348280e-02   7.3033336e-02   9.6792440e-02   1.0552457e-01   2.2860836e-02   7.5100866e-03   8.8448202e-02   1.0465527e-03   1.2406258e-01   1.0325090e-02
   2.1182749e-03   1.7747351e-02   3.5750733e-02   4.1566432e-02   5.8499212e-02   7.1936512e-02   4.7865445e-02   1.4702595e-01   8.4918491e-02   1.5583019e-01   1.1671745e-02   9.8161041e-03   3.9572728e-02   1.6232016e-03   3.3481013e-02   2.2092813e-02   1.3041060e-02   1.5969893e-02   8.1031543e-02   3.2676874e-02   2.8479493e-02   4.7284938e-02
   2.1223597e-03   2.9386856e-02   5.8801872e-02   9.2565959e-02   2.2173868e-02   1.1109038e-01   1.3365154e-02   7.9718009e-02   5.3384551e-02   8.8328600e-03   1.6000655e-02   1.0043123e-03   3.4435196e-03   1.1294597e-01   1.0585369e-03   6.0101918e-02   3.1309696e-02   3.0662858e-02   6.9268451e-02   1.0667755e-01   8.3030849e-02   1.3053817e-02
   2.1470128e-03   5.1029248e-02   9.9036253e-02   8.5661499e-02   2.5656146e-04   8.2640503e-02   9.5531900e-02   4.7983312e-03   5.2304619e-02   6.0917302e-02   6.0816522e-02   1.0049257e-03   2.1724863e-02   9.7548174e-02   1.9794153e-03   1.8141777e-02   3.0216484e-02   3.9746780e-02   2.5768061e-02   8.9033210e-02   4.7344983e-03   7.4962060e-02
   2.2273473e-03   5.4103983e-03   3.9975858e-03   3.1227047e-02   8.6185528e-02   2.5067660e-03   7.1554166e-02   7.0941626e-02   7.5611598e-02   1.9445219e-02   9.7911079e-03   9.3307830e-02   5.2672930e-02   2.3121301e-03   4.1502321e-02   4.4172993e-02   1.0862799e-01   6.8441846e-02   1.0260948e-01   1.8389496e-02   8.6049508e-02   3.0150875e-03
   2.3213387e-03   1.8068056e-02   8.3176354e-03   9.9171242e-02   1.8794908e-03   9.9837214e-03   2.1297453e-02   3.8666249e-03   1.3113461e-03   6.4221716e-02   7.0128091e-02   3.3800754e-02   3.4148723e-03   4.3000969e-02   9.5658571e-02   9.7250035e-02   1.0102655e-01   1.0034901e-01   7.8560831e-02   5.4519606e-02   4.6682289e-02   4.5169803e-02
   2.4745039e-03   2.0416843e-02   8.9435557e-02   4.5845414e-03   3.3089595e-02   1.0652165e-01   1.3957504e-03   3.0688873e-02   1.0147841e-01   1.1677466e-02   3.8579880e-03   9.7538035e-02   4.3037912e-02   2.0208421e-02   3.4791777e-02   6.6948676e-02   5.9608011e-04   1.1760921e-01   8.7060069e-03   8.4723929e-02   5.0314491e-02   6.9904285e-02
   2.5299176e-03   4.6562506e-02   6.0320971e-02   8.9047655e-04   1.0428208e-01   3.2443331e-02   9.2471815e-02   7.7809225e-02   6.0592769e-03   3.3441962e-03   1.1386369e-02   4.5721880e-02   2.5114525e-02   2.0502993e-02   2.8145249e-03   9.6676010e-03   8.0386283e-02   8.0002302e-02   1.0086782e-01   8.4710500e-02   1.0515512e-01   6.9562942e-03
   2.5731308e-03   1.7317196e-03   1.5768887e-02   5.7079062e-02   9.1641733e-03   1.0380223e-01   1.1191828e-01   6.8003750e-03   8.8417915e-03   3.0157671e-03   5.1419373e-02   2.1920565e-02   9.0274757e-02   1.6054822e-02   9.4340615e-02   8.5475889e-02   1.6315813e-02   4.3196347e-02   8.8892196e-02   1.7365587e-02   8.0626639e-02   7.3421982e-02
   2.7033920e-03   1.4573320e-02   8.8306855e-02   9.9048328e-02   8.2965948e-02   3.6742798e-02   2.2636868e-02   3.4805868e-03   4.6512506e-03   9.9751945e-03   1.0638365e-01   6.2260398e-02   1.0712683e-02   2.6744659e-02   7.5899652e-02   6.7713838e-03   1.1971912e-01   4.5245091e-02   2.3930057e-05   1.0729237e-01   5.5585407e-02   1.8277114e-02
   2.7808086e-03   3.3155531e-02   1.0193449e-01   2.1999267e-02   5.5040799e-02   6.0956375e-02   6.8084054e-02   1.0887460e-01   1.0972271e-01   1.4624811e-02   6.8892847e-03   8.3060185e-02   3.4219909e-04   2.7423575e-02   1.7472559e-02   4.5458591e-03   4.7203090e-02   2.3796390e-02   5.4147796e-04   8.8659534e-02   1.4215825e-02   1.0867658e-01
   2.8066700e-03   6.2637606e-02   1.2286851e-01   1.7435616e-02   1.3406154e-02   1.2795571e-01   1.2000983e-02   2.8529970e-03   4.0329090e-02   2.9636516e-02   1.1446191e-01   6.9241727e-02   4.9292221e-02   8.7856416e-02   1.1056146e-01   3.8048501e-02   5.0587706e-02   2.3942237e-03   1.2251233e-03   2.6279357e-02   9.7469144e-04   1.7146811e-02
   2.8183661e-03   5.9332181e-02   6.5920708e-03   9.3177621e-02   9.0686909e-02   7.5974848e-02   9.8829599e-03   1.6623497e-02   2.7927057e-02   2.5279569e-02   7.0827787e-02   1.9372117e-02   9.6191503e-02   1.1486803e-02   1.7182191e-02   7.1565939e-02   9.5365888e-02   3.8680688e-02   4.0665053e-02   9.3316492e-02   6.0428841e-03   3.1007577e-02
   2.8482994e-03   3.4571679e-02   5.2406003e-02   6.8976678e-02   7.5409405e-02   1.3284424e-02   2.4248382e-02   1.8038703e-02   2.8909526e-02   5.4767631e-02   2.1044468e-02   7.9258678e-02   2.8426292e-02   1.2210693e-02   2.5029912e-02   1.3672363e-01   1.3702208e-01   6.4289579e-02   8.9584224e-02   9.7879404e-03   3.2657764e-03   1.9895997e-02
   2.8771714e-03   1.0460333e-01   8.2954415e-02   2.8128957e-02   1.3884171e-02   1.0257317e-02   1.3022910e-02   2.9914974e-02   4.9761103e-03   1.0698608e-01   6.0392841e-02   5.1116618e-02   4.4267383e-02   2.4084431e-02   1.1082869e-01   7.4644637e-03   1.3059441e-02   1.3633977e-02   3.2258077e-02   1.0793904e-01   9.2119117e-02   4.5230489e-02
   3.0651174e-03   2.2664892e-02   1.1215159e-01   3.6893021e-02   5.2709619e-02   8.4830460e-02   1.0853621e-01   9.6182712e-02   3.7462735e-02   2.2953005e-02   1.6362809e-02   3.5870039e-02   1.0399392e-01   3.8236914e-02   3.7862692e-03   2.3690053e-02   1.0097445e-01   8.6623836e-03   1.1364563e-02   3.8026217e-02   3.7712326e-02   3.8706967e-03
   3.0955763e-03   1.0453072e-01   2.8661920e-02   1.6750521e-02   4.2376120e-02   8.1367532e-02   1.1743237e-01   9.0627400e-03   9.2947121e-02   3.9248633e-02   3.8218245e-02   6.3111639e-03   9.9331466e-02   1.4201037e-02   3.7921432e-03   7.6086578e-02   2.6131919e-02   6.9577319e-02   1.9630375e-03   1.3859418e-02   7.1490301e-02   4.3564114e-02
   3.2185848e-03   1.0630567e-02   4.0187179e-02   3.1915212e-02   2.0231981e-03   1.0039360e-03   1.0037366e-02   1.6647271e-02   4.8037245e-02   1.4792011e-01   5.9533067e-02   1.3469327e-01   2.4497305e-02   7.9492757e-02   1.1120955e-02   5.2358452e-03   8.4780376e-03   1.2484697e-02   4.0888215e-02   1.4432155e-01   4.6859221e-02   1.2077442e-01
   3.2226495e-03   8.0879622e-02   8.1003804e-02   7.7355637e-02   4.8037012e-03   6.4690232e-02   6.5253195e-03   4.6364076e-02   1.1200759e-02   4.2294636e-03   7.7406809e-03   5.0156147e-02   2.7764123e-02   6.2164710e-02   7.1468352e-03   3.2136693e-02   8.3600763e-02   4.5698408e-02   1.4820595e-02   1.1491322e-01   1.1103146e-01   6.2551092e-02
   3.4678898e-03   1.1205266e-01   6.9008715e-02   3.4611391e-03   1.8181417e-02   2.2134034e-02   1.1474102e-02   2.6625337e-02   9.3776532e-02   1.9048903e-02   5.8487261e-02   1.0809116e-01   7.9147551e-02   3.5265307e-02   4.5568548e-03   3.0621877e-02   8.0282876e-02   8.1946162e-02   3.5702709e-06   3.7758510e-02   9.7978650e-02   6.6294957e-03
   3.4977009e-03   2.0027080e-02   5.4643055e-02   4.0039835e-03   8.5929697e-02   2.3718434e-02   1.9592081e-02   1.0113538e-01   3.9230609e-02   7.9623821e-02   3.8952413e-02   3.3756954e-03   6.1785148e-02   3.0150234e-02   7.2669618e-03   7.9876162e-03   2.6444641e-03   9.5496278e-02   9.5113174e-02   9.1187408e-02   7.2327248e-02   6.2311517e-02
   3.5566111e-03   1.2471107e-02   1.1601558e-01   2.1490683e-02   9.3441392e-02   1.2360029e-02   8.3108873e-02   7.2894295e-03   3.3047479e-02   1.8178695e-02   2.4355650e-02   8.3782838e-02   5.9091558e-02   1.4479277e-02   4.2774647e-02   1.1359948e-02   5.2463703e-02   4.9884163e-02   4.4557167e-03   1.1283702e-01   2.0269655e-02   1.2328595e-01
   3.6551989e-03   2.8894018e-02   7.0920341e-02   2.3113664e-02   6.9196567e-02   1.1691857e-01   6.3783627e-02   2.3319750e-02   1.0796181e-02   1.0428224e-01   1.2227097e-02   2.9618418e-02   4.1863393e-02   5.1479711e-02   3.2592816e-03   1.1205369e-01   2.3296748e-02   3.9735128e-02   1.2614165e-01   3.6597763e-03   3.7183286e-02   4.6016576e-03
   3.7936990e-03   5.3864513e-02   8.8062549e-02   6.4930285e-02   2.5875935e-02   5.0179002e-02   4.9863776e-02   1.5918924e-02   4.0889611e-03   7.3289381e-02   1.0274099e-01   1.1257595e-01   8.7857749e-02   1.6682764e-03   7.2438059e-03   2.1038436e-02   1.0597493e-01   1.8368584e-02   1.7761068e-02   6.4630225e-02   7.8099977e-03   2.2462975e-02
   3.8637034e-03   4.1488724e-02   3.0066984e-02   6.2354524e-03   7.9338340e-02   6.1269677e-02   6.4517154e-02   6.8843061e-02   5.3232301e-02   5.5536880e-02   1.1014331e-02   2.3169376e-02   9.2353437e-02   1.0258855e-01   8.3643353e-02   7.3045462e-03   1.4735424e-03   1.3471052e-02   4.8428321e-02   9.6179894e-02   5.2602318e-02   3.3790019e-03
   4.0314160e-03   1.0719971e-01   5.8146888e-02   2.9257288e-02   9.6765373e-02   8.9582962e-02   3.1295870e-02   8.3523633e-03   4.5425561e-02   4.1714917e-03   4.4366476e-02   2.4585831e-03   6.1887914e-02   1.6667767e-02   8.6404709e-02   6.0854627e-02   1.6854403e-02   9.0280510e-04   1.1702881e-02   1.0262282e-01   1.0767213e-01   1.3375966e-02
   4.0359183e-03   8.2150177e-02   3.4731044e-02   6.2698114e-02   3.6321792e-02   1.2407683e-03   3.7799262e-02   4.9225825e-03   3.5627615e-02   8.7137037e-02   1.0650470e-01   4.7215745e-05   6.7047715e-02   7.0740030e-02   8.6100017e-05   3.0806230e-04   3.0758208e-02   4.4634642e-02   9.2411927e-02   1.0218150e-01   9.8144679e-02   4.7090537e-04
   4.0765142e-03   7.0806520e-02   6.6778428e-02   4.0162474e-02   9.3219921e-02   5.3160232e-03   2.6618090e-02   3.7720530e-02   2.9674308e-02   7.8740025e-02   2.2886429e-02   1.5750991e-04   8.5774886e-02   5.1542731e-02   3.9695102e-03   5.0119222e-03   7.0934698e-02   4.1141116e-02   1.2582648e-01   3.0669425e-02   2.8438205e-02   8.0534261e-02
   4.1199074e-03   1.5178341e-02   8.8563126e-02   4.3846334e-02   8.9581518e-03   2.0880943e-02   7.1846728e-02   3.7499900e-02   9.6575766e-02   2.6360113e-03   9.0574252e-02   5.0374118e-02   3.5548866e-02   2.4626133e-02   1.7034529e-02   2.5998827e-02   9.9246578e-02   1.0623041e-01   3.5224262e-02   1.0825067e-01   3.2534653e-03   1.3532674e-02
   4.2688821e-03   1.6774905e-02   1.2215668e-01   3.7091347e-02   1.0507287e-01   5.2088359e-02   3.6432541e-03   6.0483207e-02   1.5703574e-02   7.9908055e-03   5.8821955e-02   1.3392925e-01   7.6931675e-04   1.6366070e-02   6.0924618e-02   3.1702648e-02   1.0879267e-01   6.1153945e-02   1.4498079e-02   2.4586649e-02   9.0638711e-03   5.4117053e-02
   4.6119690e-03   2.0002973e-03   5.6134642e-02   5.2205065e-04   2.8739396e-03   4.9126981e-02   3.4341389e-02   1.9227111e-02   1.2673832e-02   2.9445028e-02   3.2461089e-02   9.8768257e-02   1.1265576e-02   8.4951577e-02   8.1085998e-02   1.0803098e-01   1.0193264e-01   4.4383727e-02   1.0509349e-01   4.7168980e-02   1.3408769e-02   6.0491677e-02
   4.7941762e-03   1.0235942e-01   7.4856838e-02   7.3269750e-02   6.4439915e-02   1.2427948e-02   9.7269185e-02   5.6363485e-02   8.3589930e-02   2.7493576e-02   5.8192418e-02   1.3021808e-02   1.0113646e-01   2.2537913e-02   2.7272026e-02   3.7253529e-03   2.8061600e-02   3.1883708e-03   1.6495394e-02   8.3327160e-03   2.2283032e-02   9.8888691e-02
   4.8741053e-03   7.6164167e-02   1.6334725e-02   9.6999500e-02   7.7313085e-02   6.4478714e-02   1.5561666e-02   3.1953523e-02   7.8035353e-02   4.8836257e-02   7.8699849e-02   7.0447004e-03   1.0442424e-01   4.1291633e-03   1.3016930e-02   9.5382229e-02   1.8774331e-02   1.6292353e-02   8.8064138e-03   7.0850240e-03   1.0056454e-01   3.5229132e-02
   5.1143246e-03   2.1192104e-02   1.4960205e-02   2.9266464e-02   1.5981853e-02   4.8823804e-02   6.0532937e-02   9.2691362e-02   7.3531121e-02   3.0623753e-02   5.5434474e-03   8.1875592e-02   2.1306221e-02   1.3857974e-02   1.0043637e-01   9.8057221e-02   1.6204706e-02   5.9187887e-02   8.3883863e-02   2.0719905e-02   4.7995653e-03   1.0140932e-01
   5.1509858e-03   2.3908520e-02   9.5175919e-02   5.4319491e-02   7.1264112e-03   9.9202131e-02   1.0053383e-01   7.1364726e-02   7.2966984e-03   3.4857954e-02   3.2138933e-03   6.6627908e-02   4.1650784e-03   5.1631090e-03   8.8209637e-02   1.8854445e-02   1.0419492e-01   1.7977777e-02   6.9831845e-02   1.0904201e-01   5.5993118e-03   8.1833913e-03
   5.1927626e-03   8.7767399e-02   7.9163577e-02   1.0823779e-01   5.9897024e-04   1.0086147e-01   4.4707498e-02   2.6757388e-02   5.9577533e-02   2.5418934e-02   5.5180204e-02   4.2570722e-02   5.0355143e-04   7.3974263e-02   2.0470823e-03   7.9130608e-02   8.1949117e-02   1.6829442e-03   5.9430691e-02   1.1131202e-02   2.9771923e-02   2.4344366e-02
   5.4719228e-03   8.6572503e-02   4.3005768e-02   1.1511469e-01   5.7877840e-03   3.9834891e-03   7.2602486e-02   2.2856669e-02   7.3702600e-03   4.6898956e-02   1.0754160e-02   4.4680905e-02   9.7950886e-03   1.0273238e-01   6.6439161e-02   9.0766771e-02   4.5563515e-02   4.4332571e-02   6.6023806e-02   9.4743167e-03   7.7575706e-02   2.2197088e-02
   5.5256865e-03   4.7078016e-02   7.5354127e-03   3.7891085e-02   2.1711639e-02   3.0290666e-02   1.0776448e-01   1.6709448e-02   1.2013742e-02   1.0504884e-01   1.9583483e-02   1.0061998e-01   7.0442602e-02   1.0530803e-01   2.5389836e-02   9.4679230e-03   9.2407832e-02   3.5283156e-02   7.4114156e-04   1.0603223e-01   2.0407092e-02   2.2747677e-02
   5.5824176e-03   8.7947587e-02   4.9600804e-02   2.1598704e-02   5.9372499e-03   7.1733742e-02   1.4988497e-02   8.3830113e-02   5.8776029e-02   5.0790629e-02   7.8087043e-02   3.8340932e-02   1.0183042e-02   6.2746871e-02   9.9472726e-02   9.9977750e-03   9.7456656e-02   1.2644588e-02   6.5798600e-02   1.9958684e-02   1.6107738e-02   3.8419571e-02
   5.7646763e-03   1.0863410e-01   1.0162180e-02   6.6392531e-02   4.1390976e-03   7.6563977e-02   5.6483850e-02   1.0768681e-02   2.9968580e-02   6.0239712e-02   5.6058030e-03   1.7170158e-02   9.5465264e-02   2.1275147e-02   1.1070758e-01   4.6738145e-02   6.2082313e-03   1.9895422e-02   9.1904382e-02   7.2539921e-03   4.0697839e-02   1.0796065e-01
   5.8393312e-03   1.6028917e-02   8.3795715e-02   2.0343148e-03   2.9179860e-02   5.4025577e-02   7.7965731e-02   9.5474973e-02   7.8239718e-02   1.6308036e-03   3.1555926e-03   3.7098198e-03   9.4353188e-04   2.1038612e-02   5.0338022e-02   1.1459248e-01   8.0198509e-02   1.2885214e-02   5.4440940e-02   2.6373737e-02   9.9973691e-02   8.8134910e-02
   6.0420769e-03   7.7777514e-02   1.6581888e-02   9.7980360e-02   7.9151743e-02   1.3701428e-02   7.0908160e-02   9.5083926e-02   6.8635204e-02   3.6641665e-02   2.2175224e-02   1.1039491e-02   4.1763817e-03   2.0363884e-03   6.8136546e-02   8.2311700e-02   7.7082288e-02   7.2505285e-02   6.0157649e-03   6.6706818e-02   1.5045737e-02   1.0264411e-02
   6.1180553e-03   9.9576000e-03   3.0727729e-02   5.0024252e-02   1.7994999e-02   7.8714566e-03   6.9466666e-02   5.2105335e-03   1.1199178e-02   1.1198648e-01   3.2918962e-02   8.6785628e-02   7.6941106e-02   6.6914000e-03   1.7690252e-02   7.1135336e-02   1.1781647e-02   9.8057029e-02   7.5604510e-02   3.3668945e-02   5.3049800e-02   1.1511843e-01
   6.1980318e-03   5.2555148e-02   3.0005283e-02   7.0429546e-02   4.7170633e-02   6.4467658e-02   8.1932752e-03   6.9675905e-02   7.7261081e-03   1.7804491e-02   8.1786086e-03   1.8854714e-02   4.0266183e-02   1.1419199e-01   7.1894849e-02   2.9520554e-03   3.7294342e-02   6.4763796e-02   2.0319773e-03   9.0947244e-02   5.2293594e-02   1.2210457e-01
   6.2735076e-03   8.6122779e-02   1.1433461e-02   1.0087457e-01   4.6162803e-02   6.0372330e-02   7.5265938e-02   9.8151429e-02   2.4592879e-02   1.5109922e-02   7.6376692e-03   7.2979101e-02   1.7516806e-02   1.1171553e-01   6.9310205e-03   1.0816649e-01   4.3989641e-03   8.3170486e-02   3.0357871e-03   2.5551980e-02   5.8434494e-04   3.3952208e-02
   6.2801854e-03   9.7193324e-02   1.4765594e-03   3.4309560e-02   6.8912508e-02   1.6695598e-02   8.2305744e-03   1.0770649e-01   5.6416501e-02   4.4009065e-03   8.5540454e-02   1.0515981e-02   9.4679996e-02   3.2545218e-02   3.0174799e-03   4.7588716e-02   1.0958680e-01   8.1934232e-02   8.2664187e-03   7.7922497e-02   2.5309245e-02   2.1470754e-02
   6.2880123e-03   2.5227971e-03   5.9147591e-02   1.0985879e-01   9.8675605e-02   9.3842531e-02   3.8948951e-02   4.5099023e-02   1.0811421e-02   4.1230899e-02   3.6279147e-02   5.7130383e-02   1.1443625e-02   3.8008167e-03   3.2774628e-02   1.0656496e-01   4.5840710e-02   2.1636944e-03   9.3569313e-03   6.5743318e-02   2.2026123e-02   1.0045005e-01
   6.3088105e-03   6.3478027e-02   8.5910648e-02   9.8970164e-02   2.8152266e-02   5.9853007e-03   8.9379197e-03   3.2659766e-02   6.3005826e-02   1.7806240e-02   3.5232235e-02   3.9877209e-02   1.1127264e-01   9.6530744e-02   1.0027762e-02   8.1846549e-02   7.5684633e-05   3.1185042e-02   2.3519551e-04   7.8467357e-02   3.8715130e-03   1.0016310e-01
   6.3867648e-03   3.4150565e-02   1.5039441e-04   3.8838573e-03   8.2024622e-02   7.8815582e-03   6.4917439e-02   8.2957521e-02   2.7793909e-02   5.6708248e-03   1.6329628e-02   1.0465998e-01   8.8461416e-02   9.5900196e-02   6.6758564e-02   6.1136187e-02   8.9361646e-02   9.4273074e-02   2.8325115e-02   1.0010642e-02   8.2414934e-03   2.0724599e-02
   6.5355103e-03   5.6644344e-02   2.2976305e-02   1.1084258e-01   2.3312369e-02   7.3146655e-02   4.5253554e-03   4.5287469e-02   9.1150914e-03   1.0920375e-01   3.2600597e-02   7.4317821e-02   3.1594234e-02   6.9535582e-02   1.2652951e-02   9.7481474e-02   2.0393271e-02   8.6097252e-02   4.5398826e-02   6.1880686e-02   4.0456276e-03   2.4122424e-03
   6.6763634e-03   4.2786967e-02   1.3317346e-02   7.3648283e-02   1.3168841e-02   1.1052245e-01   3.6940299e-02   2.5610077e-02   9.6246407e-02   8.9430918e-02   1.0795417e-01   8.6185078e-02   5.9534802e-03   1.3638438e-02   4.1071562e-02   6.3658765e-03   1.0188974e-01   8.6761279e-03   3.1909334e-02   1.0122889e-02   1.8738110e-02   5.9147248e-02
   6.7668864e-03   6.3487178e-02   3.8437913e-02   1.0240762e-01   5.9565167e-02   9.9420191e-02   3.1857783e-02   3.8550031e-02   2.0125534e-03   7.3233580e-03   3.9413335e-02   2.7465043e-03   3.6336046e-02   4.3908211e-02   6.0888796e-03   6.9303302e-02   8.9024650e-02   8.9974714e-02   6.2947094e-02   2.7926139e-02   7.8827076e-02   3.6753627e-03
   6.8604496e-03   2.0285411e-02   4.5070229e-03   9.2366582e-02   1.5139379e-02   1.4422288e-02   3.7291680e-02   3.0530745e-02   8.6121578e-02   9.0734012e-02   1.0336431e-01   8.4707027e-02   2.1816693e-04   3.4627788e-03   3.4561859e-03   7.1671561e-02   4.9605740e-02   1.7138948e-02   4.9759884e-02   1.0263083e-01   7.9712375e-02   3.6013045e-02
   6.9320169e-03   1.0731401e-01   4.2822967e-03   1.1690052e-01   2.9608689e-03   5.7890410e-02   1.0487891e-02   8.2657322e-03   1.8504781e-02   1.2804615e-01   1.0311815e-01   1.7926863e-03   3.5228195e-02   7.8378319e-02   1.8371161e-02   2.6268301e-02   7.5136336e-02   5.9996140e-03   1.5890198e-02   8.6820275e-02   3.8369578e-02   5.3042510e-02
   7.1020726e-03   7.5942805e-02   1.0203483e-02   9.7108669e-02   2.0406556e-02   1.9394463e-02   9.8850597e-02   4.9244668e-02   1.0258315e-01   8.7779026e-02   6.4203059e-02   5.8372626e-02   1.2267777e-02   9.1414775e-03   1.5121577e-02   6.6888286e-02   1.0012677e-01   1.2657500e-02   2.5563489e-02   2.9997235e-02   8.9802659e-03   2.8064449e-02
   7.3728197e-03   6.6190740e-02   7.7038620e-02   4.7622915e-03   2.2008906e-02   1.4369430e-02   9.6904132e-02   1.2736005e-02   9.7349088e-02   3.9423995e-02   8.9108891e-02   9.6294387e-02   7.2721020e-02   1.1812558e-02   7.9440594e-02   9.2441368e-03   4.0161092e-03   1.0155264e-01   3.3290614e-02   5.8234637e-03   2.3544347e-02   3.4995211e-02
   7.3805595e-03   4.3549227e-02   4.0353741e-02   3.7505936e-02   9.1839628e-02   8.0197184e-02   4.4058032e-03   3.6865080e-02   8.2257678e-02   1.4205582e-02   1.9055271e-02   6.2245004e-04   5.7973187e-02   7.2012716e-02   2.4578017e-03   9.8371354e-02   1.2455739e-02   1.0347055e-01   2.3624563e-02   8.8165956e-02   3.1829520e-02   5.1400475e-02
   7.7109060e-03   3.0149911e-02   6.8072568e-02   1.9829112e-02   4.8599795e-03   1.7936846e-02   3.5887327e-02   2.0271474e-02   1.0564744e-01   9.5247650e-02   1.0386748e-01   7.9994413e-04   4.5474766e-03   2.2279539e-02   2.7847720e-04   1.5667992e-02   1.0017030e-01   1.0608325e-01   1.0313422e-01   3.2324236e-02   5.0969280e-02   5.4264585e-02
   7.7126307e-03   4.4964405e-03   6.5812513e-02   7.5388031e-02   9.0521982e-02   3.3356261e-02   2.6483543e-02   8.9970011e-02   6.8098348e-02   1.3301256e-02   2.4449615e-03   9.0938887e-03   6.7300313e-02   3.2015657e-02   8.2495973e-02   1.8458060e-02   6.3983622e-02   2.6342082e-03   1.1758672e-02   9.4476150e-02   7.2626903e-02   6.7570574e-02
   7.9143093e-03   4.8452735e-02   1.2986892e-01   1.3436267e-01   2.8175824e-02   4.9500064e-02   5.5664122e-03   7.9096095e-02   3.7246959e-04   1.2052833e-01   1.1964305e-02   2.1583355e-02   1.9427294e-03   1.1463951e-01   3.1953123e-02   6.8027925e-02   1.0090954e-03   2.0839996e-02   5.2133265e-02   4.4058612e-02   1.4833303e-02   1.3176956e-02
   8.0655918e-03   4.2762611e-02   1.0884600e-01   7.1781155e-03   8.2648285e-03   9.7702900e-02   1.1926878e-01   9.4958359e-02   2.1170130e-02   1.5204293e-02   1.8461372e-02   4.7876666e-02   1.0760147e-02   1.8181670e-02   7.9256811e-02   2.9391710e-02   3.3247569e-02   7.4435917e-02   1.8412290e-02   4.9090895e-02   2.7358037e-02   7.0105307e-02
   8.1181970e-03   3.5705734e-02   7.8282262e-02   7.9247569e-02   3.1893798e-03   6.0184366e-02   1.7277126e-02   3.2044658e-02   8.4867719e-02   2.9148466e-02   6.9011204e-02   2.4265380e-03   1.3258181e-02   1.0058172e-01   8.7882132e-02   5.2626959e-02   1.6470793e-02   2.1376130e-02   1.7490737e-02   3.7837409e-02   8.5788087e-02   6.7184628e-02
