   0.0000000e+00   0.0000000e+00   0.0000000e+00   0.0000000e+00   0.0000000e+00   1.0000000e+00
   0.0000000e+00   0.0000000e+00   0.0000000e+00   0.0000000e+00   1.0000000e+00   0.0000000e+00
   0.0000000e+00   0.0000000e+00   0.0000000e+00   1.0000000e+00   0.0000000e+00   0.0000000e+00
   0.0000000e+00   0.0000000e+00   1.0000000e+00   0.0000000e+00   0.0000000e+00   0.0000000e+00
   0.0000000e+00   1.0000000e+00   0.0000000e+00   0.0000000e+00   0.0000000e+00   0.0000000e+00
   4.3790740e-04   3.7943637e-01   1.4168787e-01   1.1015409e-01   6.4047208e-02   3.0423655e-01
   5.4871801e-04   4.7288724e-02   4.0114706e-01   2.6324816e-01   1.1904440e-01   1.6872294e-01
   5.8823451e-04   2.9344624e-01   1.5841607e-01   5.8127604e-03   3.5863198e-01   1.8310471e-01
   8.8828072e-04   1.9965101e-01   6.3971434e-01   8.7522061e-03   1.0938296e-01   4.1611204e-02
   1.0528950e-03   1.6251860e-02   6.4752449e-03   2.8351397e-01   1.7951662e-01   5.1318940e-01
   1.1602131e-03   1.3449181e-01   1.2552676e-01   1.5477125e-01   2.1226537e-01   3.7178460e-01
   1.4170497e-03   5.5312110e-01   1.8495435e-02   1.5267077e-01   2.5368984e-01   2.0605810e-02
   1.4554748e-03   2.7910007e-01   1.1845170e-01   2.5749092e-01   2.0291451e-01   1.4058732e-01
   1.5384538e-03   1.7476576e-01   1.1168233e-01   2.1258352e-01   7.2887015e-02   4.2654292e-01
   1.7318919e-03   2.4800285e-01   2.6155683e-01   4.2050988e-01   3.5072366e-02   3.3126187e-02
   1.9589460e-03   1.0311412e-01   2.5850205e-01   3.3422803e-01   8.6094033e-02   2.1610282e-01
   2.0103976e-03   4.0715147e-01   3.5603118e-01   2.0848969e-01   1.4331833e-02   1.1985428e-02
   2.1199271e-03   7.1856749e-01   3.6978629e-02   1.2259499e-01   1.0896137e-01   1.0777591e-02
   2.2748177e-03   9.8830797e-02   5.6963734e-01   9.2832290e-02   1.5898318e-01   7.7441568e-02
   2.4588081e-03   3.8936330e-02   4.1540392e-01   9.6202296e-02   1.0059231e-01   3.4640634e-01
   2.9197055e-03   1.1398941e-01   3.3765200e-01   6.5794382e-02   2.0426140e-01   2.7538310e-01
   3.0537267e-03   4.4468367e-01   3.2382666e-01   1.4943749e-02   2.0855961e-01   4.9325834e-03
   3.3090859e-03   8.5898308e-04   2.6506753e-01   2.4313663e-01   2.9040096e-01   1.9722681e-01
   3.3516824e-03   6.4168924e-03   9.1294384e-02   1.5102652e-01   1.6671228e-01   5.8119824e-01
   3.4879952e-03   2.1952432e-03   5.8257264e-01   1.7032142e-02   3.8026250e-01   1.4449486e-02
   3.5691232e-03   5.1196199e-01   3.2379281e-01   5.8926685e-02   1.9223069e-02   8.2526328e-02
   3.8120484e-03   1.5416340e-01   3.2305373e-02   1.4484795e-01   1.8343971e-02   6.4652726e-01
   4.0506625e-03   2.0244448e-01   5.0867446e-01   1.4407695e-01   1.1139558e-01   2.9357864e-02
   4.0789076e-03   8.5446702e-02   1.7173277e-03   8.1806318e-02   1.7589677e-01   6.5105397e-01
   4.1091417e-03   8.1139672e-02   6.4917000e-01   1.6412748e-01   9.7609539e-02   3.8441716e-03
   4.2389145e-03   1.4295203e-01   2.0615042e-01   4.2835951e-01   1.2878871e-01   8.9510426e-02
   4.2433184e-03   8.5190679e-03   2.6923632e-01   5.2690687e-01   2.2211986e-02   1.6888243e-01
   4.3140638e-03   5.6399195e-01   1.6997412e-01   1.4754098e-01   1.1389129e-01   2.8760426e-04
   4.3271838e-03   3.9764744e-01   1.8541455e-02   3.1840962e-01   1.0467733e-03   2.6002753e-01
   4.5405719e-03   1.3991847e-03   1.1189980e-01   4.5980032e-01   3.1328401e-01   1.0907611e-01
   4.6764366e-03   5.9261960e-02   4.9318835e-01   1.8272447e-02   3.2765590e-01   9.6944910e-02
   4.8656611e-03   1.5243415e-02   8.5194859e-02   4.7448406e-01   9.3447547e-03   4.1086725e-01
   5.4706285e-03   2.6936230e-03   4.1630015e-01   3.2022981e-01   2.2116773e-01   3.4138068e-02
   5.5053961e-03   3.5077979e-01   1.1968728e-01   1.0720377e-01   2.3865734e-01   1.7816643e-01
   5.5821280e-03   3.9245389e-02   2.0053275e-01   1.3697331e-02   4.9396476e-01   2.4697764e-01
   6.0707833e-03   2.1672504e-01   6.7662530e-02   2.1223302e-01   2.4030579e-01   2.5700283e-01
   6.0718832e-03   2.3193129e-01   8.6101762e-03   9.1304641e-02   3.9472091e-01   2.6736109e-01
   6.2159024e-03   3.2625072e-01   2.1899122e-01   1.3341697e-01   2.2393120e-01   9.1193984e-02
   6.2498080e-03   2.8156339e-01   6.6783239e-02   1.0008917e-01   4.0749764e-01   1.3781676e-01
   6.3542521e-03   1.8793394e-01   4.7670348e-01   2.0064652e-01   3.2756422e-03   1.2508618e-01
   6.4511542e-03   2.9548432e-02   3.0004149e-01   3.2475570e-01   3.2099024e-01   1.8212983e-02
   6.6283203e-03   9.4159742e-02   1.0788372e-01   4.2210209e-01   1.1400005e-01   2.5522608e-01
   6.7160959e-03   1.4333829e-01   2.3705807e-01   1.9470146e-01   3.5788335e-05   4.1815030e-01
   6.7169764e-03   1.5940624e-01   1.1760843e-01   4.1704423e-01   2.9686931e-01   2.3548143e-03
   6.8468284e-03   2.3108033e-01   7.0031883e-02   7.7516402e-03   5.7691419e-01   1.0737513e-01
   7.2828778e-03   5.5607961e-01   2.8143284e-01   5.8995515e-03   1.3555188e-01   1.3753233e-02
   7.4626866e-03   2.4143986e-02   1.1413521e-02   1.8920105e-01   7.3090430e-01   3.6874451e-02
   7.5949714e-03   1.7186297e-01   3.0875288e-01   1.4003451e-01   3.3827958e-01   3.3475080e-02
   7.7225695e-03   1.2074800e-01   5.7141251e-01   1.2221803e-02   2.7684330e-01   1.1051814e-02
   7.9168542e-03   3.8877471e-01   2.5294645e-01   3.0802474e-01   3.6808213e-02   5.5290273e-03
   8.1235384e-03   5.5977786e-01   5.6284981e-02   2.6751214e-02   1.8147552e-02   3.3091485e-01
   8.8605880e-03   2.5923594e-01   2.4159498e-01   9.6265739e-02   1.5452980e-01   2.3951295e-01
   8.9216250e-03   1.8088499e-02   2.6571740e-02   5.1431940e-01   1.6604093e-01   2.6605780e-01
   8.9831028e-03   1.8616305e-01   3.4215739e-02   5.0976035e-01   2.5110402e-01   9.7737389e-03
   9.0456234e-03   1.5396322e-02   9.7594345e-02   1.5984223e-01   3.6570699e-01   3.5241450e-01
   9.3332753e-03   1.6406512e-01   2.0716715e-01   1.1506413e-03   6.7011980e-02   5.5127184e-01
   9.5095650e-03   3.3079197e-01   2.9006604e-01   9.8851397e-03   2.1540871e-01   1.4433858e-01
   9.5992878e-03   3.7125448e-01   6.9650426e-02   5.0302204e-01   2.7458888e-03   4.3727874e-02
   9.6977962e-03   6.7745628e-02   2.4772900e-02   2.6408749e-01   5.1040998e-01   1.2328620e-01
   1.0334908e-02   7.1554206e-03   1.5702952e-01   3.0182835e-01   4.9062167e-01   3.3030131e-02
   1.0352037e-02   3.6915026e-01   5.8652065e-03   6.3034656e-02   2.7747747e-01   2.7412037e-01
   1.0676217e-02   2.1572782e-01   4.5922898e-01   2.4664630e-02   2.4724329e-03   2.8722992e-01
   1.0702131e-02   1.1675635e-01   1.5379196e-01   1.8124460e-01   3.1187643e-01   2.2562853e-01
   1.0899307e-02   7.0166814e-01   7.6210092e-03   5.6757945e-02   7.3745636e-02   1.4930797e-01
   1.0928868e-02   5.2558267e-02   3.7360584e-01   5.0390364e-01   7.8930597e-03   5.1110324e-02
   1.1001853e-02   1.1545941e-01   1.7338045e-01   1.8781810e-02   3.4514813e-01   3.3622835e-01
   1.1529320e-02   3.4559226e-02   1.7701935e-01   3.9837468e-01   3.4861918e-01   2.9898239e-02
   1.1598341e-02   1.9864922e-01   4.9792194e-01   1.2135245e-02   1.1640291e-01   1.6329235e-01
   1.2301013e-02   2.8943560e-03   2.1466474e-02   4.7153883e-01   4.1220453e-01   7.9594790e-02
   1.2486993e-02   9.0877558e-02   7.9778009e-02   1.5608741e-02   6.8227541e-01   1.1897329e-01
   1.2913024e-02   1.6423275e-02   2.3224674e-02   3.4881636e-02   6.0466859e-01   3.0788880e-01
   1.2935017e-02   4.2038805e-01   1.0994764e-01   3.2953496e-02   3.9852171e-01   2.5254081e-02
   1.3044548e-02   1.5998031e-02   5.9561900e-02   1.8779227e-01   4.9175486e-01   2.3184839e-01
   1.3235456e-02   1.6344721e-02   2.9577452e-01   1.2625732e-01   1.1266016e-01   4.3572783e-01
   1.3402710e-02   4.0485345e-01   4.5399897e-01   2.9997769e-02   1.3614180e-02   8.4132919e-02
   1.3562354e-02   2.5853875e-01   1.8364076e-01   2.7792602e-01   1.2620601e-02   2.5371151e-01
   1.3625212e-02   1.2793160e-01   3.2606757e-01   1.3880553e-02   3.2971687e-01   1.8877820e-01
   1.4057830e-02   2.6179349e-01   3.2514267e-01   1.7275074e-01   3.4722487e-02   1.9153278e-01
   1.4275611e-02   9.1670852e-02   6.8751525e-01   7.7385942e-03   1.8213330e-01   1.6666385e-02
   1.4397215e-02   8.5005741e-02   3.1343910e-01   3.5574036e-01   1.2130763e-01   1.1010995e-01
   1.4468328e-02   1.8849616e-01   1.7768753e-01   2.8787358e-01   1.3060175e-01   2.0087266e-01
   1.4500911e-02   4.2000515e-01   7.8746305e-03   1.9302546e-01   1.6496367e-01   1.9963018e-01
   1.4558222e-02   1.1754881e-02   2.9162779e-01   4.7908632e-01   1.9307748e-01   9.8953103e-03
   1.5078347e-02   1.8015470e-01   2.7264590e-02   8.1954919e-02   1.5223114e-01   5.4331631e-01
   1.5086207e-02   2.8017241e-02   1.0689655e-01   2.9741379e-02   1.2974138e-01   6.9051724e-01
   1.5088013e-02   9.6395641e-02   1.7602682e-02   5.8927075e-01   3.4367142e-02   2.4727578e-01
   1.5093494e-02   5.1513107e-01   1.6799441e-01   1.2810497e-02   1.2814654e-01   1.6082399e-01
   1.5235762e-02   1.6346970e-01   5.3249584e-03   1.7962338e-01   4.7326161e-01   1.6308459e-01
   1.5371435e-02   2.7189987e-01   2.1323464e-01   2.2281178e-01   2.7184730e-01   4.8349796e-03
   1.5384615e-02   9.8461538e-03   8.6153846e-03   1.4430769e-01   2.9846154e-01   5.2338462e-01
   1.5753891e-02   1.4018094e-02   2.4097315e-02   3.4148716e-01   2.4554121e-01   3.5910233e-01
   1.6086297e-02   3.1336269e-01   3.3628854e-01   9.1405533e-03   1.0203338e-01   2.2308855e-01
   1.6164635e-02   1.3552344e-01   3.1530341e-01   2.3140636e-01   3.2535778e-02   2.6906638e-01
   1.6751421e-02   5.3963506e-01   5.3843853e-02   3.0780736e-01   6.8800479e-02   1.3161831e-02
   1.6856994e-02   3.9459433e-01   3.6133200e-01   1.3398912e-02   1.2045790e-01   9.3359869e-02
   1.6936536e-02   3.2810123e-01   8.6499381e-02   1.0292836e-02   1.7987687e-01   3.7829315e-01
   1.7200099e-02   3.0550416e-01   1.8107049e-02   2.7960822e-02   8.3300271e-02   5.4792760e-01
   1.7760726e-02   1.3069175e-02   2.9073700e-01   6.6751703e-02   2.9289479e-01   3.1878661e-01
   1.7976545e-02   2.9405848e-02   2.5879707e-01   2.6768941e-01   5.7951273e-02   3.6817985e-01
   1.8118051e-02   6.8589718e-02   5.0219338e-02   2.6886410e-01   1.7875003e-02   5.7633379e-01
   1.8747703e-02   4.7622654e-02   4.8030234e-03   4.5504402e-01   2.7371755e-01   2.0006505e-01
   1.8995357e-02   6.7834529e-01   8.4423808e-03   1.9839595e-02   2.4398480e-01   3.0392571e-02
   1.9077440e-02   8.6572162e-02   1.5104685e-01   1.4445095e-01   1.0920765e-01   4.8964495e-01
   1.9172881e-02   2.0296215e-01   9.2377595e-02   4.2883025e-01   1.2133755e-01   1.3531957e-01
   1.9323105e-02   6.2792089e-02   4.2213698e-01   4.0896062e-01   7.4815963e-02   1.1971240e-02
   1.9595560e-02   8.7425476e-03   1.4599814e-01   1.3882055e-02   3.6712577e-01   4.4465593e-01
   2.0230983e-02   1.5147234e-01   3.9252128e-01   1.2776850e-01   1.0362988e-01   2.0437701e-01
   2.0602809e-02   2.1920468e-01   4.3294566e-01   5.8523795e-02   2.5555749e-01   1.3165557e-02
   2.0848960e-02   3.3184289e-02   2.6421530e-01   2.1422639e-02   5.2884241e-01   1.3148640e-01
   2.1164285e-02   1.6324984e-01   2.8348816e-01   9.0476547e-03   4.9188217e-01   3.1167892e-02
   2.1247738e-02   3.3533635e-01   2.3472210e-02   4.4464286e-01   1.4351972e-01   3.1781123e-02
   2.2468938e-02   1.6557169e-01   3.9929381e-01   1.0399442e-02   3.8993606e-01   1.2330061e-02
   2.2514402e-02   3.5313886e-02   9.2950523e-02   5.7073769e-01   1.0055585e-01   1.7792765e-01
   2.2727148e-02   2.2187914e-01   6.6235142e-02   5.1541225e-01   2.7620982e-02   1.4612534e-01
   2.2883016e-02   1.5048068e-01   1.7227665e-01   5.4686764e-01   4.9916423e-03   1.0250037e-01
   2.3671568e-02   8.8913963e-02   2.4539410e-01   1.6098437e-01   2.1911666e-01   2.6191934e-01
   2.4943308e-02   3.4393248e-01   9.0590220e-02   2.9452408e-01   2.2793702e-01   1.8072884e-02
   2.5506377e-02   7.7519380e-03   2.2505626e-03   8.0520130e-02   4.9312328e-01   3.9084771e-01
   2.5726153e-02   1.7117661e-02   1.1891541e-01   2.5968372e-01   3.3836852e-01   2.4018855e-01
   2.5880424e-02   4.2760262e-02   8.9692561e-02   2.2895823e-01   1.8269880e-01   4.3000973e-01
   2.6269081e-02   2.1263756e-01   3.6208733e-02   1.8814341e-02   6.8832091e-01   1.7749379e-02
   2.6489049e-02   1.4360471e-01   1.2962967e-01   5.5695669e-01   1.0791572e-01   3.5404162e-02
   2.7381450e-02   1.2386092e-03   1.8596209e-01   3.7392973e-01   1.7426464e-01   2.3722348e-01
   2.7852742e-02   2.6797985e-02   2.0152195e-01   4.3951845e-01   4.7184513e-03   2.9959042e-01
   2.8884163e-02   2.5742904e-01   1.6255274e-02   2.8648449e-01   1.4645968e-01   2.6448734e-01
   2.9311625e-02   2.2850000e-01   8.4550126e-02   3.0614131e-02   2.8418783e-01   3.4283628e-01
   2.9527982e-02   1.2536071e-01   1.9721764e-01   3.5683081e-02   4.2395215e-01   1.8825845e-01
   2.9836005e-02   3.1848308e-02   3.8443181e-01   1.7684774e-01   3.6681639e-01   1.0219749e-02
   2.9939860e-02   1.6567646e-01   2.4691455e-01   1.4080639e-01   9.0186236e-02   3.2647651e-01
   2.9975755e-02   1.5902744e-01   2.0936463e-01   5.4878679e-02   1.0859293e-01   4.3816057e-01
   3.0792339e-02   2.2155464e-02   9.3879084e-03   3.7551633e-04   4.3146827e-01   5.0582050e-01
   3.0806115e-02   1.1571882e-01   3.6434822e-01   2.6655766e-01   2.0506299e-01   1.7506190e-02
   3.0877261e-02   1.0796624e-01   5.9623829e-02   3.4771457e-01   6.1342689e-02   3.9247541e-01
   3.1001890e-02   6.3364839e-01   1.6143667e-01   4.7637051e-02   5.6710775e-03   1.2060491e-01
   3.1072508e-02   1.2157281e-01   5.3791459e-02   2.2538469e-02   4.4806555e-01   3.2295920e-01
   3.1224764e-02   5.1440108e-01   1.1574697e-02   1.9380888e-02   3.4777927e-01   7.5639300e-02
   3.4009344e-02   1.7104614e-01   3.5712773e-01   3.5552844e-01   1.4387551e-02   6.7900792e-02
   3.4568065e-02   2.8325562e-01   3.3883013e-01   3.0729240e-01   2.1081822e-02   1.4971967e-02
   3.4738937e-02   9.7395145e-02   2.8192324e-01   2.1071653e-01   2.8124112e-01   9.3985025e-02
   3.5177211e-02   1.3984291e-02   1.6397939e-01   1.1266600e-01   1.3837866e-02   6.6035524e-01
   3.6344629e-02   3.5027290e-01   4.8819932e-03   2.1562676e-01   3.0304496e-01   8.9828765e-02
   3.6461308e-02   1.9116726e-01   6.2542539e-03   3.1292817e-01   2.7140119e-01   1.8178782e-01
   3.7572812e-02   2.3899222e-01   1.1641123e-02   3.2930158e-01   3.8072712e-01   1.7651494e-03
   3.8001839e-02   6.7422617e-03   2.4977015e-01   1.4097456e-01   2.6356114e-02   5.3815507e-01
   3.8375039e-02   3.5109735e-01   2.4494640e-02   3.4602383e-01   1.0484316e-01   1.3516598e-01
   3.9438857e-02   4.0232927e-02   3.6077290e-01   5.8761249e-02   4.8703017e-01   1.3763896e-02
   3.9658325e-02   3.0274112e-01   1.3539371e-01   1.4233648e-01   3.7083053e-01   9.0398395e-03
   3.9946397e-02   5.2999747e-01   2.8842492e-02   2.2620015e-01   3.0588094e-02   1.4442540e-01
   3.9979984e-02   7.4990166e-02   5.3001309e-01   3.0185268e-01   3.3933861e-02   1.9230213e-02
   4.0256082e-02   2.4591831e-01   2.3969350e-01   2.8773817e-01   4.2584795e-02   1.4380913e-01
   4.1097689e-02   1.5273968e-01   1.6767668e-01   1.8279980e-02   5.9829174e-01   2.1914237e-02
   4.2903670e-02   1.5694039e-01   1.1103270e-01   1.3487749e-01   4.9581697e-01   5.8428777e-02
   4.3291351e-02   4.8538329e-01   6.4478830e-03   3.4199432e-01   2.0151087e-02   1.0273207e-01
   4.3599871e-02   1.3920412e-01   1.6260592e-01   2.3685731e-01   3.1904761e-01   9.8685176e-02
   4.4847743e-02   4.1525366e-01   8.8161823e-02   8.0674166e-03   3.2208166e-01   1.2158770e-01
   4.6758350e-02   8.2514735e-02   7.6306483e-01   2.5147348e-02   6.8369352e-02   1.4145383e-02
   4.7018764e-02   1.3239822e-02   5.9751717e-01   2.0792516e-02   1.5569458e-01   1.6573715e-01
   4.8702824e-02   3.5599968e-01   2.0315251e-01   1.9458489e-02   2.9226778e-01   8.0418710e-02
   4.9402716e-02   3.3026747e-02   2.5684098e-01   3.0846474e-02   1.1393987e-01   5.1594321e-01
   4.9418824e-02   6.6135995e-02   5.2968934e-01   1.1694530e-01   4.8910154e-02   1.8890039e-01
   5.1876695e-02   1.1008518e-01   5.6692809e-02   4.6213840e-01   2.0278241e-01   1.1642450e-01
   5.4733180e-02   2.8019068e-01   3.2100023e-01   2.1359200e-01   1.0362909e-01   2.6854823e-02
   5.5183966e-02   2.4329777e-02   1.3088825e-01   3.1988670e-01   1.5285325e-02   4.5442598e-01
   5.5245463e-02   9.3602975e-02   1.2411623e-01   3.5135171e-01   2.5296814e-01   1.2271549e-01
   5.5672999e-02   3.8575050e-01   3.5590527e-03   9.0487625e-02   3.8336317e-01   8.1166657e-02
   5.6180621e-02   2.5646419e-01   4.0054866e-01   1.4137635e-02   1.8122809e-01   9.1440805e-02
   5.6841808e-02   4.5231556e-01   2.7340025e-02   2.5637465e-01   1.9336644e-01   1.3761523e-02
   5.6977323e-02   1.6731624e-01   2.8325452e-02   2.4257063e-01   1.5110459e-01   3.5370576e-01
   5.8444531e-02   8.5213215e-02   3.0305135e-02   6.6595463e-02   3.2858459e-01   4.3085706e-01
   5.8888050e-02   3.4605607e-01   2.2010926e-01   1.8458149e-01   1.7691218e-02   1.7267391e-01
   5.8926239e-02   1.5906894e-02   1.6903090e-01   8.5174244e-02   6.6481956e-01   6.1421623e-03
   5.9706471e-02   3.1687792e-02   1.3342228e-01   1.6711141e-01   5.3869246e-01   6.9379586e-02
   6.2453160e-02   4.7214589e-02   1.3989508e-02   3.9970022e-01   4.7289533e-01   3.7471896e-03
   6.3910810e-02   3.8914827e-01   2.4014710e-01   1.8931060e-01   9.4522518e-02   2.2960691e-02
   6.4015519e-02   4.9789848e-02   6.1881668e-01   1.4484319e-01   2.9097963e-02   9.3436793e-02
   6.4441556e-02   2.9448222e-01   1.2651285e-01   1.1236058e-02   1.9547507e-02   4.8377981e-01
   6.4734561e-02   3.3586132e-01   9.7508126e-02   8.1256771e-04   5.0027086e-01   8.1256771e-04
   6.6510598e-02   1.5176261e-02   2.1360340e-01   2.9634223e-02   2.2498940e-01   4.5008612e-01
   6.7671083e-02   3.9857684e-02   2.6690645e-01   6.0346886e-01   8.3067678e-03   1.3789151e-02
   6.8636828e-02   1.8747889e-01   2.1392202e-01   1.3032494e-02   2.4884819e-01   2.6808158e-01
   6.9420061e-02   2.2496809e-01   2.8189489e-02   6.2670944e-01   4.9075772e-02   1.6371475e-03
   6.9837540e-02   3.3499099e-02   1.0036629e-01   3.0741956e-01   3.5967335e-01   1.2920416e-01
   7.1579989e-02   2.6580270e-01   1.3109356e-01   3.1754161e-01   1.2012202e-01   9.3860124e-02
   7.2679076e-02   5.3362860e-01   5.6500832e-02   9.0993483e-02   2.1725381e-02   2.2447263e-01
   7.2754441e-02   8.7051192e-02   2.7775500e-01   3.8678562e-01   1.0473286e-02   1.6518047e-01
   7.3218455e-02   2.8986334e-01   3.2803728e-02   2.1851540e-01   3.2804333e-02   3.5279474e-01
   7.4241028e-02   2.0681675e-01   4.8078029e-02   4.8668398e-01   1.4888893e-01   3.5291278e-02
   7.5407491e-02   2.7904025e-01   2.7247726e-01   9.4570489e-03   4.7540850e-02   3.1607709e-01
   7.7940442e-02   2.6440620e-01   4.0115712e-02   4.1315714e-01   2.3450651e-02   1.8092985e-01
   7.8336609e-02   8.8456868e-02   2.4544077e-01   2.6185252e-01   1.7551008e-01   1.5040315e-01
   7.8990617e-02   2.3826273e-01   5.6655925e-01   7.3875122e-02   3.5634995e-02   6.6772853e-03
   8.0116741e-02   6.3637048e-02   6.5706301e-03   7.6100130e-01   4.8463142e-02   4.0211136e-02
   8.0967673e-02   1.4366502e-02   8.0686193e-02   4.2237076e-04   2.6808985e-01   5.5546742e-01
   8.2079795e-02   4.2654991e-01   1.1235442e-02   1.3186892e-03   2.8451029e-02   4.5036514e-01
   8.2649196e-02   1.5592043e-01   3.1606096e-01   2.7977954e-02   4.1380189e-02   3.7601128e-01
   8.2885778e-02   3.1112968e-03   3.8009817e-01   9.5088410e-02   1.8168067e-01   2.5713567e-01
   8.5303514e-02   1.7571885e-02   4.5750799e-01   8.7859425e-02   3.4281150e-01   8.9456869e-03
   8.5426169e-02   8.5557833e-02   8.6468181e-02   3.4714564e-01   3.8254593e-01   1.2856250e-02
   8.6525347e-02   2.7371501e-01   3.9807650e-01   4.8453838e-02   3.7988638e-03   1.8943045e-01
   8.9264374e-02   1.7576515e-01   1.8931020e-01   3.1915095e-01   1.8326790e-01   4.3241432e-02
   8.9715402e-02   4.3339679e-01   1.1233028e-01   2.1780481e-01   6.7565459e-02   7.9187270e-02
   9.0898149e-02   2.2920062e-01   1.7582029e-01   1.2162273e-01   2.2963059e-01   1.5282762e-01
   9.1148031e-02   3.6019880e-01   2.1446628e-01   8.3295198e-02   1.0947412e-01   1.4141758e-01
   9.1248475e-02   4.4579004e-02   1.0579581e-02   3.7514058e-01   9.3428870e-03   4.6910947e-01
   9.2112661e-02   1.3473694e-01   4.2357448e-03   2.1584636e-01   5.0615886e-01   4.6909430e-02
   9.2136616e-02   7.7799841e-01   3.1771247e-02   6.7513900e-03   4.9642573e-02   4.1699762e-02
   9.3203467e-02   1.3228482e-02   1.5665637e-01   7.7862053e-02   5.0798510e-01   1.5106453e-01
   9.3520506e-02   2.0370826e-01   1.0934676e-02   4.0089101e-01   2.4398480e-01   4.6960759e-02
   9.4112355e-02   1.6352851e-02   1.2490789e-01   5.1799972e-01   2.2765269e-01   1.8974492e-02
   9.4407466e-02   3.7894923e-02   3.8981068e-01   2.1870720e-02   4.6366358e-03   4.5137958e-01
   9.5866358e-02   1.2435998e-03   9.4049613e-02   4.2909476e-02   4.8507229e-01   2.8085866e-01
   9.6110503e-02   1.4782808e-01   1.0693766e-01   9.4779294e-02   1.0868162e-02   5.4347629e-01
   9.8421509e-02   3.1375796e-01   1.0691376e-01   2.2418092e-01   1.0888817e-02   2.4583703e-01
   9.8546416e-02   4.1334491e-02   1.2699497e-02   2.5517893e-01   8.5655752e-02   5.0658491e-01
   9.8627733e-02   2.4049665e-01   9.4917143e-02   9.4616654e-02   1.4242905e-01   3.2891276e-01
   9.8901235e-02   4.5422673e-01   3.4897144e-01   6.9934700e-03   6.1141825e-02   2.9765302e-02
   9.9092478e-02   1.2422293e-01   4.3962585e-01   1.5077615e-01   5.3830829e-03   1.8089951e-01
   9.9857640e-02   3.2511565e-01   1.4395241e-01   2.8220487e-01   1.2428525e-02   1.3644091e-01
   1.0115338e-01   8.5596715e-02   4.0331625e-01   2.7416840e-01   2.2555371e-02   1.1320989e-01
   1.0180677e-01   2.7335181e-01   3.6662858e-02   7.4147111e-02   5.8379001e-02   4.5565245e-01
   1.0189337e-01   2.9838169e-01   1.5790663e-02   2.2669792e-01   1.6499897e-01   1.9223738e-01
   1.0231825e-01   9.6918790e-02   1.4131499e-02   5.7533040e-01   1.9273515e-01   1.8565910e-02
   1.0249051e-01   4.2253314e-01   5.1429415e-03   3.4224656e-01   9.0675312e-02   3.6911529e-02
   1.0261490e-01   6.1410460e-02   2.2979398e-02   9.7860539e-02   6.9294770e-01   2.2187005e-02
   1.0462366e-01   1.4828844e-01   7.3126223e-02   2.3965726e-01   1.2713858e-02   4.2159057e-01
   1.0592771e-01   1.0377685e-01   1.1159295e-01   4.3686653e-02   2.6605612e-01   3.6895972e-01
   1.0754550e-01   1.1336036e-01   8.3173253e-02   3.4853056e-01   1.6241050e-01   1.8497983e-01
   1.0798867e-01   2.9125516e-02   9.4997853e-02   1.5085276e-01   3.7598346e-01   2.4105175e-01
   1.0908227e-01   3.6709265e-03   3.4746013e-01   1.7598434e-01   2.4495274e-01   1.1884959e-01
   1.1018020e-01   3.0923676e-01   3.9108965e-02   1.6205260e-02   3.6659557e-01   1.5867324e-01
   1.1065713e-01   2.9054873e-01   3.3798120e-01   5.7456504e-02   8.8267823e-02   1.1508861e-01
   1.1070731e-01   8.6191673e-03   6.6473110e-02   2.3259693e-01   5.7788962e-01   3.7138603e-03
   1.1152031e-01   1.0357874e-01   2.2707705e-02   2.5367412e-01   2.3492240e-01   2.7359673e-01
   1.1181534e-01   1.3620472e-01   3.3849792e-01   1.6659598e-01   2.1713899e-01   2.9747058e-02
   1.1294735e-01   2.7512413e-01   4.7133481e-01   4.7569205e-03   1.0222602e-01   3.3610765e-02
   1.1338793e-01   3.4053262e-01   3.5655778e-01   1.1502093e-01   7.4447007e-02   5.3731555e-05
   1.1456742e-01   1.7836535e-01   2.0527790e-01   1.3783960e-01   3.3849874e-01   2.5450991e-02
   1.1466142e-01   1.3455864e-01   3.7528469e-01   6.3648830e-02   4.3731157e-02   2.6811526e-01
   1.1516236e-01   6.6796651e-01   3.6188953e-02   1.8284373e-02   1.2423161e-01   3.8166190e-02
   1.1812856e-01   2.5657914e-01   4.6305097e-02   2.1048078e-01   3.4313406e-01   2.5372370e-02
   1.2340924e-01   7.0017341e-02   2.9947421e-01   6.5763383e-02   3.7218491e-01   6.9150922e-02
   1.2367436e-01   1.5172086e-01   3.9243284e-02   8.4321436e-02   3.2666076e-01   2.7437930e-01
   1.2494739e-01   4.9104873e-02   2.0474374e-01   3.6324428e-01   2.1632817e-01   4.1631545e-02
   1.2513334e-01   4.0997910e-01   4.8821388e-02   9.7551196e-02   1.7936971e-01   1.3914527e-01
   1.2593767e-01   3.8993621e-01   2.5835540e-01   8.8692695e-03   1.7394343e-01   4.2958031e-02
   1.2624790e-01   7.3728513e-02   1.4033564e-01   2.7549217e-01   8.9801238e-02   2.9439454e-01
   1.2669940e-01   5.4259660e-01   2.2759500e-01   3.2364011e-02   3.3747715e-02   3.6997279e-02
   1.2768704e-01   5.7396202e-02   5.7883175e-01   3.2354056e-02   1.5844822e-01   4.5282726e-02
   1.2870432e-01   4.4950209e-02   4.2624882e-01   4.2665752e-02   2.5871347e-01   9.8717427e-02
   1.3012568e-01   4.0628568e-01   1.6745674e-02   8.0668970e-03   1.7555120e-01   2.6322487e-01
   1.3038935e-01   2.7102920e-01   3.4309986e-03   1.5880238e-02   1.6171922e-01   4.1755099e-01
   1.3208904e-01   8.1246542e-03   3.4234255e-01   1.0284797e-01   7.4119165e-02   3.4047662e-01
   1.3307966e-01   3.2040764e-02   8.0788651e-04   6.3291779e-01   2.9714765e-02   1.7143914e-01
   1.3326095e-01   2.1962615e-01   1.5405504e-01   4.0827282e-01   6.5830446e-02   1.8954596e-02
   1.3444245e-01   6.2949640e-03   5.6654676e-02   2.1852518e-01   8.9928058e-04   5.8318345e-01
   1.3544937e-01   1.0222325e-01   1.9052373e-01   4.9877797e-01   5.8077380e-02   1.4948309e-02
   1.3605071e-01   5.9033445e-02   2.3982411e-01   2.3870876e-01   3.2007004e-01   6.3129299e-03
   1.3612574e-01   4.8963676e-01   1.3397722e-01   2.9710366e-03   2.2649099e-01   1.0798252e-02
   1.3623893e-01   3.3016976e-01   1.3392465e-01   4.0251807e-02   2.2041704e-02   3.3737315e-01
   1.3655364e-01   5.5715099e-03   6.1219750e-02   2.0577766e-01   4.6314589e-01   1.2773156e-01
   1.3666080e-01   1.6555829e-02   1.3841614e-02   2.8108714e-01   1.5660835e-01   3.9524627e-01
   1.3870958e-01   3.9941298e-01   1.2398486e-01   3.1469344e-01   2.0533638e-02   2.6655066e-03
   1.3934984e-01   3.4492582e-01   3.6145941e-02   3.5101807e-01   2.2396066e-02   1.0616426e-01
   1.3947357e-01   2.7075593e-01   1.1062809e-02   9.3888362e-02   4.7239450e-01   1.2424832e-02
   1.4077269e-01   1.2448673e-01   1.1738394e-02   2.3500886e-01   3.4532014e-01   1.4267318e-01
   1.4326884e-01   1.9628792e-01   4.4468827e-01   2.4736273e-02   6.2187194e-02   1.2883150e-01
   1.4626235e-01   1.6479048e-01   4.1134033e-01   2.9233830e-02   2.4377729e-01   4.5957248e-03
   1.4635253e-01   2.2564352e-01   2.2675995e-01   2.1489525e-01   1.0370309e-03   1.8531172e-01
   1.4653321e-01   2.6483321e-02   1.9436954e-01   1.7415193e-02   1.1517473e-02   6.0368126e-01
   1.4768124e-01   6.4491664e-02   2.6068173e-01   2.6547889e-03   2.4824918e-01   2.7624140e-01
   1.4937061e-01   4.1474125e-02   1.1801907e-02   1.1540432e-01   1.2150220e-01   5.6044684e-01
   1.5111813e-01   1.8712177e-01   2.6016635e-01   1.0256592e-01   1.9719954e-01   1.0182828e-01
   1.5119267e-01   9.3549342e-03   2.0318767e-01   1.7890864e-01   3.1166310e-01   1.4569299e-01
   1.5218063e-01   9.3104873e-03   4.5896892e-02   3.9436758e-01   5.8445688e-02   3.3979873e-01
   1.5286121e-01   6.1107504e-01   7.7607825e-03   1.9343523e-01   2.5918548e-02   8.9491777e-03
   1.5296920e-01   1.9651495e-01   3.2463031e-01   2.2545473e-01   6.6590391e-02   3.3840417e-02
   1.5546087e-01   1.8838892e-01   1.6313960e-01   2.0222370e-01   1.3248495e-01   1.5830197e-01
   1.5654119e-01   9.5788297e-02   5.8814760e-01   8.8706672e-02   5.7398435e-02   1.3417816e-02
   1.5680066e-01   2.3249496e-02   3.3061816e-01   3.4498735e-01   2.8181643e-03   1.4152616e-01
   1.5780750e-01   2.0035643e-02   4.0119796e-01   1.5442520e-01   5.8518178e-04   2.6594851e-01
   1.5842066e-01   3.0267959e-01   1.4595278e-02   3.9713168e-01   1.1936937e-01   7.8034280e-03
   1.5871424e-01   1.7808672e-01   1.0040816e-01   7.2337270e-02   4.2743527e-01   6.3018344e-02
   1.5872367e-01   4.5136875e-01   2.4560465e-02   1.9563186e-01   2.4022168e-02   1.4569309e-01
   1.5910543e-01   2.0095847e-01   3.8338658e-03   3.9936102e-02   5.9105431e-01   5.1118211e-03
   1.5972194e-01   2.4266374e-01   1.3880941e-01   3.0656485e-02   2.2451032e-01   2.0363811e-01
   1.5984990e-01   1.0833665e-02   1.1873101e-01   1.8309981e-01   1.6285231e-01   3.6463331e-01
   1.6027433e-01   1.1277536e-02   4.9681787e-01   2.0057081e-02   6.5132936e-02   2.4644025e-01
   1.6104056e-01   4.9765625e-02   3.2889836e-02   4.7733840e-01   1.5840279e-01   1.2056278e-01
   1.6245884e-01   1.1708745e-02   3.3662642e-02   7.2813758e-02   6.1617270e-01   1.0318332e-01
   1.6500915e-01   3.5473025e-03   4.3800842e-01   2.0479617e-01   1.1996014e-01   6.8678816e-02
   1.6528735e-01   1.6318974e-01   4.3008393e-02   2.9295282e-01   3.3534876e-01   2.1293237e-04
   1.6696811e-01   3.2395845e-01   1.0048804e-01   1.0952145e-01   2.7537375e-01   2.3690204e-02
   1.6766649e-01   3.1022151e-01   6.2165401e-02   2.2526128e-01   1.6914316e-01   6.5542155e-02
   1.6919510e-01   4.2424891e-02   1.4032198e-01   4.7120660e-02   3.9099497e-01   2.0994240e-01
   1.6924495e-01   5.3460608e-02   1.1018604e-01   5.7845607e-01   4.0989150e-02   4.7663176e-02
   1.7099831e-01   2.5382465e-03   2.4227908e-01   2.0526851e-01   1.6182330e-02   3.6273353e-01
   1.7218822e-01   1.8095152e-01   1.4671737e-01   1.0068786e-02   1.5199591e-01   3.3807819e-01
   1.7313275e-01   4.7004487e-01   1.7709158e-01   3.6949063e-03   5.5423595e-03   1.7049353e-01
   1.7414028e-01   7.7746527e-02   2.1284479e-01   3.5027087e-01   1.0449336e-01   8.0504168e-02
   1.7783572e-01   5.1824247e-01   3.1616157e-03   1.4006349e-02   1.8794296e-01   9.8810891e-02
   1.7798595e-01   2.3951171e-01   2.4352164e-01   8.8416878e-04   2.6976046e-01   6.8336076e-02
   1.7809712e-01   8.1772740e-03   2.3211693e-01   1.2349409e-01   1.5678703e-01   3.0132756e-01
   1.7811243e-01   9.7985235e-03   1.5246550e-01   8.9430650e-02   2.6234947e-01   3.0784342e-01
   1.7867716e-01   1.3364844e-03   3.3406046e-01   6.6290123e-02   2.7012947e-01   1.4950630e-01
   1.8245308e-01   8.2933217e-03   6.9838498e-02   1.1785247e-02   3.9284155e-02   6.8834570e-01
   1.8346495e-01   4.0740421e-01   3.6609120e-02   2.2049826e-02   2.6637226e-02   3.2383466e-01
   1.8372463e-01   3.7655284e-02   5.0612813e-03   3.2748294e-02   2.2453642e-01   5.1627409e-01
   1.8380962e-01   2.4803831e-01   6.6551445e-02   1.4513042e-01   1.6190199e-01   1.9456821e-01
   1.8449331e-01   2.6114700e-01   1.0737507e-02   8.2358753e-02   3.6876404e-01   9.2499397e-02
   1.8508522e-01   4.5451783e-01   1.4694913e-01   1.1373402e-01   6.5399157e-03   9.3173877e-02
   1.8734400e-01   7.3058366e-02   1.2369197e-01   3.4806224e-02   5.5882521e-01   2.2274232e-02
   1.8754434e-01   3.5672619e-01   1.1739986e-01   1.4300321e-01   2.3787170e-02   1.7153923e-01
   1.9024560e-01   1.3173983e-02   2.3690577e-01   8.8692664e-02   4.4691352e-01   2.4068466e-02
   1.9069548e-01   7.2477747e-02   1.0415261e-03   3.7792656e-01   1.0533152e-01   2.5252716e-01
   1.9111833e-01   1.1376816e-02   2.4006875e-01   2.8375961e-01   5.3168797e-02   2.2050769e-01
   1.9337474e-01   6.6749482e-01   1.3664596e-02   1.2422360e-03   2.7743271e-02   9.6480331e-02
   1.9564754e-01   9.1631803e-03   2.2510684e-01   4.8899304e-01   1.0311102e-02   7.0778308e-02
   1.9694589e-01   3.6443906e-03   1.8880096e-01   3.0610612e-02   1.5378274e-01   4.2621541e-01
   1.9963464e-01   3.3779422e-01   3.3295558e-01   5.6657525e-03   1.2038118e-01   3.5686268e-03
   2.0004452e-01   1.3433550e-01   9.9111403e-02   7.9863650e-02   2.1713686e-01   2.6950806e-01
   2.0415249e-01   4.6085193e-01   8.8791489e-02   2.1779090e-02   1.0463838e-01   1.1978661e-01
   2.0509595e-01   9.4426511e-02   1.2732890e-01   1.1682340e-01   5.1008408e-02   4.0531683e-01
   2.0660998e-01   7.0055066e-02   7.0985222e-02   2.6565354e-02   6.2948795e-02   5.6283558e-01
   2.0701783e-01   1.3935696e-01   4.9913602e-02   4.1462104e-01   1.8175373e-01   7.3368284e-03
   2.0709293e-01   2.9493200e-01   1.1154894e-01   1.3544921e-02   3.5503685e-01   1.7844350e-02
   2.0747258e-01   2.4552833e-01   6.5134416e-02   2.3503287e-01   7.7788614e-02   1.6904319e-01
   2.0849798e-01   1.5804279e-02   7.4364469e-02   2.5496155e-01   4.4630972e-01   6.2002162e-05
   2.0866322e-01   6.5097035e-03   3.3192898e-02   4.5001518e-01   2.8879238e-01   1.2826612e-02
   2.0896964e-01   1.0771738e-01   3.0473382e-01   1.8464780e-01   1.2413101e-01   6.9800354e-02
   2.0989885e-01   7.7345510e-02   7.9887531e-02   4.0407771e-01   3.3565989e-03   2.2543379e-01
   2.1050955e-01   5.5318471e-01   8.9171975e-03   7.9936306e-02   2.4522293e-02   1.2292994e-01
   2.1085767e-01   1.0187915e-01   3.7151475e-01   4.2377168e-02   9.6131232e-02   1.7724002e-01
   2.1484328e-01   5.3170154e-02   1.1989617e-01   4.7836420e-01   1.2736937e-01   6.3568190e-03
   2.1557530e-01   1.3389003e-03   3.6087170e-01   5.6418218e-02   3.6136323e-01   4.4326483e-03
   2.1792689e-01   1.8329115e-02   4.4244678e-01   1.2939370e-01   5.3641726e-02   1.3826179e-01
   2.1921682e-01   2.8757125e-01   1.4267917e-01   2.4840690e-01   3.7648911e-02   6.4476954e-02
   2.1955746e-01   3.8636091e-01   2.9098067e-01   2.1515377e-02   2.5051846e-03   7.9080405e-02
   2.2204864e-01   2.2608027e-01   2.5588822e-01   1.1732817e-03   1.3488749e-01   1.5992210e-01
   2.2251335e-01   2.6650539e-01   9.0314896e-03   1.6139839e-01   6.5540519e-02   2.7501086e-01
   2.2256208e-01   1.7113373e-01   3.5038003e-02   8.3272468e-04   2.1512421e-01   3.5530925e-01
   2.2388402e-01   1.3320267e-02   3.9191833e-01   2.9902254e-01   4.1878566e-02   2.9976269e-02
   2.2453539e-01   5.7793547e-01   1.3424366e-01   4.3327035e-02   1.0113017e-03   1.8947148e-02
   2.2715125e-01   3.2609340e-02   5.5529395e-03   1.2993151e-01   2.1675586e-02   5.8307937e-01
   2.2906756e-01   2.1892031e-01   1.1962690e-01   2.0605105e-01   2.1254848e-01   1.3785700e-02
   2.2908362e-01   4.4371043e-03   1.9853743e-02   2.3109710e-02   3.1342715e-01   4.1008868e-01
   2.2915617e-01   3.2132926e-01   1.0361458e-01   1.0545854e-01   1.5651910e-01   8.3922356e-02
   2.3028557e-01   2.8090704e-01   3.9734304e-01   1.5788445e-02   2.0767070e-02   5.4908827e-02
   2.3034900e-01   3.0841144e-01   4.0679050e-02   1.1949143e-02   1.9721960e-01   2.1139177e-01
   2.3065632e-01   2.7649042e-01   6.3183210e-02   8.1285519e-02   7.2518158e-03   3.4113272e-01
   2.3410546e-01   4.1212763e-03   2.6268420e-01   2.0415503e-01   2.3548469e-01   5.9449343e-02
   2.3439488e-01   1.3878888e-01   1.4979865e-03   4.5977738e-01   2.3080628e-02   1.4246024e-01
   2.3480565e-01   1.5843063e-01   4.5124283e-01   7.1016996e-02   9.6305447e-03   7.4873343e-02
   2.3491462e-01   2.3227138e-01   1.4162350e-02   2.6828089e-01   2.4220050e-01   8.1702618e-03
   2.3534454e-01   8.9632393e-02   4.4838622e-01   1.0458494e-01   1.0040503e-01   2.1646871e-02
   2.3602148e-01   7.6324463e-02   1.8152994e-01   3.9544796e-02   3.5563694e-01   1.1094238e-01
   2.3649782e-01   1.5861918e-02   2.3557335e-02   4.8321239e-01   4.4780237e-02   1.9609030e-01
   2.3674092e-01   7.7932148e-02   1.4807646e-01   1.7147671e-01   2.8686860e-01   7.8905157e-02
   2.3770315e-01   2.5213264e-01   1.7368424e-01   1.0215739e-02   3.8962300e-03   3.2236800e-01
   2.3846821e-01   2.0995056e-01   2.2670878e-02   4.7177513e-02   9.8763462e-02   3.8296938e-01
   2.3857141e-01   1.2209526e-01   3.7535242e-01   9.1829815e-03   5.3230148e-04   2.5426563e-01
   2.3857321e-01   3.6207475e-01   1.9135100e-01   9.6395763e-03   8.7607035e-02   1.1075443e-01
   2.3863691e-01   9.7278075e-02   2.9155641e-01   3.3335059e-01   4.4549955e-03   3.4723012e-02
   2.4105410e-01   9.6431272e-02   2.2275483e-01   7.6384073e-03   1.4673002e-01   2.8539136e-01
   2.4243083e-01   1.7698187e-01   3.5916319e-02   3.9755422e-02   4.9497787e-01   9.9376956e-03
   2.4383560e-01   1.2503746e-02   1.2991124e-01   3.5070534e-01   2.3919833e-01   2.3845748e-02
   2.4398052e-01   1.0204186e-01   2.3901536e-03   1.4592607e-01   1.5465976e-01   3.5100164e-01
   2.4636413e-01   2.8022534e-01   5.1170617e-03   3.9707968e-01   1.0804263e-03   7.0133355e-02
   2.4709851e-01   1.7682766e-01   2.3529705e-03   6.2929221e-02   2.9561642e-01   2.1517521e-01
   2.4829088e-01   2.4689264e-01   2.6601860e-01   3.8324077e-05   6.2474420e-03   2.3251212e-01
   2.4930328e-01   1.7645760e-01   5.1997728e-03   1.8364693e-01   3.7197315e-01   1.3419267e-02
   2.5085301e-01   1.6803863e-01   4.2181132e-02   6.7775523e-03   1.3146600e-02   5.1900308e-01
   2.5733952e-01   9.2103676e-02   1.9670938e-01   4.4555347e-01   7.1322505e-03   1.1616995e-03
   2.5916415e-01   1.5803560e-01   1.6879281e-01   2.4212245e-01   1.4524679e-03   1.7043252e-01
   2.5917209e-01   1.4072007e-01   1.8158788e-03   5.8873363e-01   4.5386483e-03   5.0196787e-03
   2.5928560e-01   3.2324417e-01   1.5408436e-01   9.7097886e-03   2.4109903e-01   1.2577047e-02
   2.6023919e-01   3.7827830e-01   5.0831690e-02   1.2534947e-02   2.2122267e-01   7.6893202e-02
   2.6038315e-01   5.4403744e-03   1.2947635e-02   5.6120437e-01   1.5706812e-01   2.9563519e-03
   2.6221402e-01   8.0820427e-02   5.3173676e-01   3.5142655e-03   1.1527951e-01   6.4350174e-03
   2.6231955e-01   1.3916723e-01   3.0952276e-01   7.7982871e-02   1.7343784e-01   3.7569751e-02
   2.6399931e-01   1.1563627e-01   2.1250968e-02   1.8641664e-01   3.5640400e-02   3.7705642e-01
   2.6407746e-01   2.1001400e-01   1.3426345e-01   8.7901208e-02   2.1900348e-01   8.4740394e-02
   2.6416339e-01   1.9103837e-01   1.3414430e-01   1.2774463e-01   7.1375191e-03   2.7577179e-01
   2.6436157e-01   1.3156539e-01   6.1031816e-02   1.6725286e-01   1.9219533e-01   1.8359304e-01
   2.6548294e-01   2.7940943e-01   1.7358103e-01   7.3851686e-02   1.2165859e-02   1.9550905e-01
   2.6580256e-01   8.8839209e-03   3.3068691e-01   6.4552856e-03   3.6149871e-02   3.5202145e-01
   2.6670033e-01   1.9004584e-01   9.3629449e-03   2.5543495e-01   1.5688940e-01   1.2156654e-01
   2.7222514e-01   2.4717076e-02   3.5344530e-01   9.4834115e-02   2.4284198e-01   1.1936382e-02
   2.7364563e-01   2.2152201e-02   7.9529940e-03   1.2326556e-01   4.5643634e-01   1.1654727e-01
   2.7513061e-01   1.6999868e-01   2.0794801e-01   6.7531551e-03   3.3161140e-01   8.5581476e-03
   2.7922281e-01   2.7787355e-01   2.4501823e-02   1.5248603e-01   2.2697279e-01   3.8942987e-02
   2.8033534e-01   1.4171625e-02   8.5182827e-02   6.0738132e-03   1.7674785e-01   4.3748855e-01
   2.8238824e-01   4.8121257e-01   2.1037325e-02   2.0200578e-01   7.3255404e-03   6.0305500e-03
   2.8320544e-01   1.3009154e-02   2.4038227e-01   2.0671635e-01   1.3045804e-02   2.4364098e-01
   2.8548118e-01   1.4363189e-01   2.8240737e-01   2.1845780e-01   5.9997309e-02   1.0024454e-02
   2.8692310e-01   1.2961754e-02   1.5428807e-01   1.5184296e-01   2.2774055e-01   1.6624357e-01
   2.8912964e-01   2.1180328e-01   9.4921220e-02   2.9307150e-01   1.3411545e-02   9.7662811e-02
   2.8966104e-01   3.8896644e-03   1.3674338e-01   1.6100429e-01   8.5056656e-02   3.2364497e-01
   2.9007346e-01   3.3813894e-01   1.8317879e-02   2.8666661e-01   1.8279614e-02   4.8523500e-02
   2.9254881e-01   7.9177244e-02   1.2201040e-03   3.2795827e-01   1.3261424e-01   1.6648134e-01
   2.9367251e-01   1.3337891e-03   2.5874578e-02   2.1300836e-01   2.5033386e-01   2.1577690e-01
   2.9659974e-01   1.7442501e-02   4.5355099e-01   1.5343223e-03   7.4364392e-02   1.5650805e-01
   2.9741477e-01   1.2504796e-02   1.0263235e-01   7.9672970e-02   3.7385515e-02   4.7038960e-01
   2.9883939e-01   1.8515987e-01   3.2642229e-01   9.0578777e-02   3.7698444e-02   6.1301232e-02
   3.0076146e-01   2.2504720e-02   2.9131069e-01   1.3645494e-01   9.5959305e-02   1.5300889e-01
   3.0308218e-01   1.6493843e-02   8.2732048e-02   2.5858110e-01   4.2228091e-03   3.3488802e-01
   3.0790575e-01   1.5101604e-02   4.4382802e-01   2.1143425e-01   1.8373888e-02   3.3564973e-03
   3.1136884e-01   4.1713970e-01   2.1779438e-01   3.0772114e-02   8.3779051e-04   2.2087173e-02
