   0.0000000e+00   0.0000000e+00   0.0000000e+00   0.0000000e+00   0.0000000e+00   0.0000000e+00   0.0000000e+00   0.0000000e+00   0.0000000e+00   0.0000000e+00   0.0000000e+00   0.0000000e+00   1.0000000e+00
   0.0000000e+00   0.0000000e+00   0.0000000e+00   0.0000000e+00   0.0000000e+00   0.0000000e+00   0.0000000e+00   0.0000000e+00   0.0000000e+00   0.0000000e+00   0.0000000e+00   1.0000000e+00   0.0000000e+00
   0.0000000e+00   0.0000000e+00   0.0000000e+00   0.0000000e+00   0.0000000e+00   0.0000000e+00   0.0000000e+00   0.0000000e+00   0.0000000e+00   0.0000000e+00   1.0000000e+00   0.0000000e+00   0.0000000e+00
   0.0000000e+00   0.0000000e+00   0.0000000e+00   0.0000000e+00   0.0000000e+00   0.0000000e+00   0.0000000e+00   0.0000000e+00   0.0000000e+00   1.0000000e+00   0.0000000e+00   0.0000000e+00   0.0000000e+00
   0.0000000e+00   0.0000000e+00   0.0000000e+00   0.0000000e+00   0.0000000e+00   0.0000000e+00   0.0000000e+00   0.0000000e+00   1.0000000e+00   0.0000000e+00   0.0000000e+00   0.0000000e+00   0.0000000e+00
   0.0000000e+00   0.0000000e+00   0.0000000e+00   0.0000000e+00   0.0000000e+00   0.0000000e+00   0.0000000e+00   1.0000000e+00   0.0000000e+00   0.0000000e+00   0.0000000e+00   0.0000000e+00   0.0000000e+00
   0.0000000e+00   0.0000000e+00   0.0000000e+00   0.0000000e+00   0.0000000e+00   0.0000000e+00   1.0000000e+00   0.0000000e+00   0.0000000e+00   0.0000000e+00   0.0000000e+00   0.0000000e+00   0.0000000e+00
   0.0000000e+00   0.0000000e+00   0.0000000e+00   0.0000000e+00   0.0000000e+00   1.0000000e+00   0.0000000e+00   0.0000000e+00   0.0000000e+00   0.0000000e+00   0.0000000e+00   0.0000000e+00   0.0000000e+00
   0.0000000e+00   0.0000000e+00   0.0000000e+00   0.0000000e+00   1.0000000e+00   0.0000000e+00   0.0000000e+00   0.0000000e+00   0.0000000e+00   0.0000000e+00   0.0000000e+00   0.0000000e+00   0.0000000e+00
   0.0000000e+00   0.0000000e+00   0.0000000e+00   1.0000000e+00   0.0000000e+00   0.0000000e+00   0.0000000e+00   0.0000000e+00   0.0000000e+00   0.0000000e+00   0.0000000e+00   0.0000000e+00   0.0000000e+00
   0.0000000e+00   0.0000000e+00   1.0000000e+00   0.0000000e+00   0.0000000e+00   0.0000000e+00   0.0000000e+00   0.0000000e+00   0.0000000e+00   0.0000000e+00   0.0000000e+00   0.0000000e+00   0.0000000e+00
   0.0000000e+00   1.0000000e+00   0.0000000e+00   0.0000000e+00   0.0000000e+00   0.0000000e+00   0.0000000e+00   0.0000000e+00   0.0000000e+00   0.0000000e+00   0.0000000e+00   0.0000000e+00   0.0000000e+00
   1.0991374e-04   4.0942747e-03   6.6759663e-02   1.1652298e-01   1.4267410e-01   3.6860520e-02   7.0511504e-03   8.9619019e-02   1.3067763e-01   9.2530870e-02   9.5898726e-02   6.2350275e-02   1.5485087e-01
   2.7014067e-04   2.4825239e-01   3.9565028e-02   5.0996486e-02   2.1576265e-02   1.2058000e-01   1.4172768e-02   2.4278196e-01   5.7218049e-02   3.9469756e-02   5.5219163e-02   1.6315324e-02   9.3582668e-02
   5.5870291e-04   2.7780761e-02   1.7759960e-01   1.8480972e-01   7.3497103e-02   3.0620876e-02   1.3985459e-02   3.7774780e-02   9.6433586e-02   1.9191386e-03   1.3861736e-01   3.4548858e-02   1.8185406e-01
   8.6559697e-04   6.8880874e-02   2.0224153e-01   1.3717677e-02   4.7379935e-03   9.6365646e-03   1.4530725e-01   1.5388555e-01   2.0879294e-01   2.2896361e-02   5.8987689e-02   5.6789685e-02   5.3260286e-02
   9.9380931e-04   9.9651535e-03   9.4117885e-02   2.0525711e-02   2.2226546e-01   1.5060380e-01   3.2573718e-02   1.3988342e-02   9.5641506e-02   5.7383377e-02   2.0955154e-01   4.2992783e-02   4.9396910e-02
   1.0031124e-03   8.7887287e-03   1.4859003e-01   7.8688309e-02   1.0048383e-01   7.2942290e-03   1.5267774e-01   4.2767166e-02   1.2717541e-01   7.2853571e-03   1.3325956e-01   3.9696713e-02   1.5228982e-01
   1.1465363e-03   1.4144350e-01   5.3637603e-03   1.8486891e-02   1.6895072e-01   1.6376100e-02   1.3512634e-01   9.5291137e-02   1.6758811e-01   3.0026638e-02   1.2112736e-02   3.4619331e-02   1.7346820e-01
   1.2505613e-03   7.2717893e-02   1.4888197e-01   3.3688832e-02   1.5254969e-01   1.2612964e-01   1.8103421e-02   8.4576386e-02   1.0990482e-01   1.3350889e-02   2.3162275e-02   1.8353611e-01   3.2147518e-02
   1.3237287e-03   6.1905052e-02   5.9255286e-03   4.9196981e-02   2.0768684e-01   2.3651199e-01   6.8991071e-02   3.9983134e-03   1.4598988e-01   5.4693571e-03   7.3451259e-02   3.1045557e-02   1.0850444e-01
   1.4079967e-03   1.1478944e-01   6.9343995e-03   7.9373593e-02   1.0583160e-01   1.8657636e-01   1.3678907e-01   1.6687496e-02   1.8973210e-01   5.7828752e-02   1.4659418e-02   6.0655548e-02   2.8734228e-02
   1.4440387e-03   1.7541739e-03   4.2683757e-02   2.1924960e-02   5.4193827e-02   1.4236315e-01   5.9258396e-02   2.0770673e-01   1.0819372e-02   1.1819052e-01   1.9097444e-01   1.2321556e-01   2.5471084e-02
   1.5103781e-03   1.5408100e-01   2.0391790e-01   1.1877349e-01   2.0353563e-02   1.8850791e-01   2.8041410e-02   6.8389578e-03   8.3200776e-03   1.0963355e-01   7.4702502e-02   5.2625637e-02   3.2693615e-02
   1.5688391e-03   4.5463119e-02   6.7214962e-03   1.8893521e-01   1.5182825e-01   2.3376755e-01   1.4737915e-02   2.7171813e-02   1.7427479e-02   8.0389500e-04   1.4434762e-02   1.3341109e-01   1.6372858e-01
   1.8476173e-03   1.1049826e-01   1.8191642e-01   1.5695223e-02   1.9771843e-01   6.4520153e-02   1.6313234e-01   7.8723047e-02   3.4023650e-02   9.5811611e-03   2.4939509e-05   5.8514996e-02   8.3803759e-02
   1.8565230e-03   9.0058129e-02   1.2587895e-01   1.2108737e-01   9.5904527e-04   3.0507187e-02   1.8270230e-02   1.6275875e-02   1.9519229e-01   7.0775564e-02   8.2145193e-02   1.9554030e-01   5.1453336e-02
   1.9557417e-03   1.9395594e-01   6.0459625e-02   4.8239136e-02   1.4515856e-01   3.8844806e-02   1.2688024e-02   1.0937859e-02   3.6364213e-02   7.2260528e-02   2.2023351e-01   9.4130166e-02   6.4771886e-02
   1.9685730e-03   1.7241881e-01   1.0747280e-01   3.6984390e-02   1.0027610e-01   5.4745054e-02   7.1720859e-02   1.0095362e-01   4.2114603e-02   3.4183859e-04   4.4692815e-02   2.2958440e-01   3.6726130e-02
   1.9709052e-03   1.5885190e-01   1.0458088e-02   1.6918645e-01   1.8119730e-01   1.5378277e-02   2.3648663e-02   5.9912299e-02   3.9808879e-02   2.9966980e-02   1.0658065e-01   1.6287582e-01   4.0163794e-02
   2.1356819e-03   1.3017400e-01   3.9230488e-03   2.0635788e-01   1.3520076e-01   3.6447217e-02   3.9556571e-03   1.5958996e-01   5.6653382e-02   1.3078571e-02   1.7725693e-01   7.4126712e-02   1.1002100e-03
   2.1907202e-03   2.7030125e-01   2.7086704e-02   1.5333675e-01   5.9417012e-02   4.2017622e-02   5.6045847e-03   7.9832798e-02   9.7888403e-03   2.0439532e-01   1.8051347e-03   7.7510983e-02   6.6712286e-02
   2.2662183e-03   1.5026259e-01   2.1313733e-01   5.0568921e-03   1.3014733e-02   9.0606658e-02   5.0912048e-02   4.3716002e-02   1.1428351e-02   1.3140935e-01   1.0425186e-01   1.6514354e-01   1.8794418e-02
   2.4366633e-03   1.1383590e-01   4.9246022e-02   1.4999219e-02   1.1633205e-02   3.4379988e-02   9.8956435e-02   5.2125482e-03   6.2103268e-02   1.9345931e-01   2.1873406e-01   4.2371786e-03   1.9076620e-01
   2.5798909e-03   1.5729170e-01   9.7550300e-02   2.4031982e-01   6.3761081e-03   1.5580713e-02   2.1465404e-04   1.6324241e-03   1.5443643e-01   1.6438473e-01   5.7100441e-02   3.2768200e-02   6.9764594e-02
   2.6538122e-03   4.2900987e-03   1.1805599e-01   1.5207093e-01   6.5588428e-02   9.0503437e-02   4.9400055e-03   1.1062871e-01   2.5007392e-02   6.5137582e-02   1.1941860e-01   1.7251066e-01   6.9194352e-02
   2.8057633e-03   5.6474768e-03   9.7272967e-02   1.1852114e-01   3.2352890e-02   1.6898827e-01   9.7942695e-03   6.6701495e-02   6.1632712e-02   3.3733028e-03   1.5701024e-01   9.4794748e-02   1.8110472e-01
   2.8168428e-03   6.8646033e-02   9.9178363e-02   7.3070016e-02   3.9252555e-02   2.8770704e-02   1.9631432e-01   2.9489969e-02   1.7269780e-03   1.9196884e-01   1.8978006e-01   6.7207776e-03   7.2264543e-02
   2.9591009e-03   1.0218922e-02   1.4032102e-01   1.7276701e-01   1.0218556e-02   2.3104618e-02   1.3903359e-02   6.2476427e-02   1.9748830e-01   5.7021138e-02   2.0375643e-01   2.6135794e-02   7.9629326e-02
   2.9953184e-03   6.3440803e-03   2.9323517e-02   1.9196951e-01   7.5084277e-02   3.8493506e-02   2.0680870e-01   1.1462233e-02   5.4862888e-02   3.3082160e-03   1.8262326e-01   4.7596325e-02   1.4912817e-01
   3.1660616e-03   1.6176168e-01   9.5071247e-02   3.9792669e-04   5.7464785e-03   4.8719812e-02   2.4965784e-02   5.3642846e-02   2.0601502e-01   1.9068071e-01   2.8527244e-02   1.6478939e-01   1.6515805e-02
   3.4878862e-03   7.5459075e-02   2.1207770e-02   1.6477497e-01   9.6950222e-02   3.5178423e-02   4.9519047e-03   9.0612621e-02   2.3833509e-01   7.6108614e-04   1.2936240e-02   1.6370999e-01   9.1634723e-02
   3.5456945e-03   8.8853443e-02   1.8560070e-01   4.7957925e-03   6.3315887e-02   1.9911670e-01   1.6480318e-02   1.7801407e-01   2.0418821e-02   7.2718293e-02   8.5987255e-02   6.0584700e-02   2.0568333e-02
   4.0046438e-03   7.6149862e-02   2.8459703e-03   1.1172904e-01   2.3747386e-01   9.0889364e-02   5.9059856e-02   3.8364202e-03   3.5933696e-02   1.7903404e-01   5.2091843e-03   1.0687991e-01   8.6954140e-02
   4.3994793e-03   2.6318754e-02   1.2991330e-02   1.2705647e-01   1.4607620e-01   2.2568380e-02   1.3698022e-01   1.4138783e-01   1.3521970e-01   2.1098773e-02   1.3064171e-01   1.3915757e-02   8.1345386e-02
   4.5056091e-03   1.4821165e-01   1.0713509e-01   1.5170820e-02   4.3276469e-02   8.4842583e-02   1.9308480e-01   4.1549454e-02   5.4397176e-02   2.0978518e-01   4.1487225e-02   4.7888268e-02   8.6656774e-03
   4.5287958e-03   7.1514592e-02   8.3683625e-02   1.3051196e-01   1.3374433e-02   5.8996413e-03   1.6421046e-01   6.1372104e-02   2.4943972e-03   2.3560693e-02   8.1203474e-02   2.0300989e-01   1.5463593e-01
   4.8545734e-03   1.4428797e-01   8.2400954e-02   4.7064884e-02   1.4961735e-01   2.9792827e-02   3.2800484e-02   1.2481337e-01   1.2935708e-01   6.2377292e-02   1.4137146e-01   2.9177736e-02   2.2084019e-02
   4.9416291e-03   2.0384828e-01   6.8388469e-02   6.1464826e-02   3.9126848e-04   3.6517646e-02   1.1651960e-01   4.3587827e-03   8.8044167e-02   2.6659868e-02   1.2528700e-01   5.6286355e-02   2.0729211e-01
   5.0182180e-03   7.6071326e-03   1.0185428e-02   1.3640281e-01   4.7006723e-02   7.1088687e-02   1.3408543e-01   1.0652247e-02   2.2692447e-01   3.0879602e-03   1.6069304e-02   2.0142591e-01   1.3044568e-01
   5.0851117e-03   1.2256191e-01   6.8855787e-02   1.1274821e-01   1.2933166e-02   1.1974160e-01   1.1114900e-01   1.2467614e-01   6.4223975e-02   8.0827764e-03   1.2011866e-01   6.8798722e-02   6.1024952e-02
   5.1092002e-03   1.9400915e-01   5.8349297e-02   1.5942273e-01   1.0358262e-01   3.2859838e-02   6.2188233e-02   1.7824543e-01   1.0089325e-01   1.8575129e-02   1.5315407e-02   6.4278734e-02   7.1709862e-03
   5.2535605e-03   5.0278828e-02   2.1246833e-01   9.1929816e-03   6.3697047e-02   4.1400594e-02   2.6220122e-02   1.1045342e-01   6.0071292e-02   1.7661184e-02   2.1762772e-01   1.4884510e-01   3.6829822e-02
   5.3036849e-03   2.8368012e-02   1.7339592e-01   1.6476900e-02   1.0176903e-01   1.2536042e-01   1.2420564e-01   6.5374544e-02   8.8165828e-04   1.2422038e-01   1.9537814e-01   2.3450723e-02   1.5814944e-02
   5.6102635e-03   1.8144585e-01   2.0919877e-02   7.3349947e-04   1.7495115e-01   1.9148893e-01   7.1608113e-04   3.0101959e-02   3.0451117e-02   2.1674196e-01   7.0366975e-02   4.3247915e-02   3.3224416e-02
   5.6255519e-03   7.3794559e-02   1.4180771e-02   1.6252440e-01   7.6760250e-03   1.5927813e-01   6.0292381e-03   9.3560980e-04   1.1050341e-01   3.0505873e-02   2.0132795e-01   1.4363328e-01   8.3985204e-02
   5.7998790e-03   1.1127133e-02   9.7568895e-03   1.4004206e-01   1.0203263e-02   9.5682115e-02   1.0910139e-01   1.1019223e-01   1.6154412e-01   9.8534092e-02   1.1610401e-01   4.4721218e-03   1.2744069e-01
   5.8032369e-03   8.7942043e-02   8.8779885e-02   7.3036009e-04   9.8226315e-03   1.6856479e-01   1.5651169e-01   1.7447693e-01   2.1352690e-02   1.0677180e-01   5.1873068e-03   2.4073178e-02   1.4998347e-01
   5.8294350e-03   2.2674212e-02   1.8260365e-01   5.7850599e-02   9.3880646e-02   6.7675931e-02   2.4155975e-01   7.7666960e-02   1.3759565e-01   7.6362448e-03   1.8898464e-02   4.5422822e-02   4.0705628e-02
   5.8483728e-03   1.8673688e-01   5.5561788e-03   1.8896572e-01   4.0063485e-02   2.1642725e-02   1.8063055e-01   1.4330917e-01   1.6635060e-01   4.9053956e-02   1.8374707e-03   1.2003528e-04   9.8848739e-03
   5.8787538e-03   1.0464029e-01   5.5878874e-02   1.4821598e-01   1.8144360e-02   2.2014184e-01   1.9591300e-01   7.6114209e-02   8.5196509e-02   7.8675699e-03   5.6477546e-02   2.3327226e-02   2.2038334e-03
   5.9180043e-03   7.0475646e-04   1.9018134e-03   1.9480552e-02   1.7498384e-01   1.3091254e-01   1.6582274e-01   5.8894437e-02   1.8281905e-01   2.0188807e-02   2.1446785e-03   1.5494535e-01   8.1283435e-02
   5.9372399e-03   1.3199501e-01   1.1487616e-02   3.3053236e-03   6.8631918e-02   9.7813693e-02   6.7383798e-02   9.5068663e-02   1.1228813e-01   3.2379377e-02   1.6176471e-01   7.4556386e-02   1.3738814e-01
   6.1144757e-03   2.0858160e-01   2.2113215e-01   4.4660458e-03   2.9397392e-02   3.1115983e-02   7.1065691e-02   1.7703358e-01   4.2245016e-02   6.2288059e-02   2.9761286e-02   8.5204395e-02   3.1594326e-02
   6.3638544e-03   1.5122050e-01   2.4725691e-02   1.1834029e-01   3.3445711e-02   6.7771682e-03   1.5683723e-01   1.4231131e-01   7.9979067e-03   5.6714327e-02   1.1304868e-01   1.6800205e-01   1.4215278e-02
   6.3902459e-03   2.4977713e-02   1.2557595e-01   1.0529237e-01   1.9581228e-01   2.0770593e-01   4.2821737e-03   2.5152757e-02   1.5530784e-02   2.6151930e-02   5.2191651e-02   1.7435962e-01   3.6576591e-02
   6.4351011e-03   1.3943627e-01   6.1862884e-02   4.6400414e-02   8.7830842e-02   8.2767074e-02   1.5964094e-01   2.1435674e-03   1.1630796e-01   6.2904850e-02   1.0882258e-01   4.2880842e-03   1.2115944e-01
   6.4847116e-03   2.8121475e-02   1.6047001e-01   1.3854280e-01   2.5463160e-03   7.2261808e-02   1.6401038e-01   1.0004033e-01   1.4664727e-01   3.3790984e-02   1.2744745e-01   1.7430385e-02   2.2060759e-03
   6.5319432e-03   1.0872024e-01   8.1482121e-02   6.8166249e-02   1.8147141e-02   4.9175639e-02   3.6245090e-02   1.5713967e-02   9.4836674e-02   5.9848390e-02   1.9096766e-01   2.3718383e-01   3.2981057e-02
   6.9074624e-03   1.4290902e-01   5.2775761e-03   9.9123526e-02   2.7022567e-02   2.9813138e-02   6.9595843e-02   1.0030027e-01   2.0804822e-01   8.8242741e-02   1.3801235e-02   9.0713990e-03   1.9988700e-01
   6.9971012e-03   1.5266201e-01   8.5218624e-02   1.1135062e-02   1.3312009e-01   1.8689177e-02   1.3824786e-01   1.5235381e-01   2.2392713e-02   1.1812123e-02   7.8599371e-02   3.0829401e-02   1.5794265e-01
   7.1483823e-03   1.0286586e-02   1.6138771e-01   7.6152882e-02   6.6480395e-03   2.6433449e-02   8.4651855e-02   4.1752072e-02   7.9210838e-02   1.2303361e-01   1.5213410e-01   1.2438079e-02   2.1872240e-01
   7.2033957e-03   1.2671634e-03   1.4431109e-02   8.4748606e-02   2.1532328e-01   4.1163045e-03   1.3021431e-01   2.6674107e-02   5.0318446e-03   1.6295926e-01   2.8804727e-02   2.3312148e-01   8.6104419e-02
   7.2399584e-03   1.3576405e-01   2.0445038e-01   1.5079927e-01   7.3164061e-03   6.8621113e-02   1.9437415e-03   2.1765726e-01   7.7168172e-04   8.3719860e-02   3.0436282e-03   3.8905076e-02   7.9767578e-02
   7.3288370e-03   6.2082821e-02   3.0341286e-02   4.4952027e-02   5.7671605e-02   1.5266380e-01   1.5442403e-01   1.0998351e-01   1.7230804e-01   2.4075725e-03   1.1626635e-01   5.2126290e-02   3.7443821e-02
   7.4228743e-03   2.6953074e-02   7.3629258e-02   1.6493083e-01   1.6072277e-01   1.7147789e-02   9.4709236e-02   6.7850687e-03   1.4992097e-01   3.2812801e-02   2.3337912e-02   1.4785398e-01   9.3773436e-02
   7.4478018e-03   6.0005091e-02   1.5517025e-02   3.2611760e-02   1.4062930e-01   1.3324095e-01   1.3396032e-01   1.3603365e-01   4.4145706e-02   1.0419240e-01   6.3719799e-02   7.0108243e-03   1.2148538e-01
   7.6804699e-03   1.6254956e-01   2.9035084e-02   2.3803020e-03   1.3212568e-02   1.7428560e-01   6.7525424e-03   1.7783724e-01   1.2936718e-01   1.6765436e-01   9.9216026e-04   1.0434129e-01   2.3911635e-02
   7.7419111e-03   1.8059378e-01   1.7870051e-02   7.7871543e-02   2.0713245e-03   5.0877401e-02   1.1229506e-02   3.4920809e-02   1.3619278e-01   2.9513471e-02   9.1510920e-02   2.1840372e-01   1.4120278e-01
   8.0648732e-03   2.3178854e-01   1.0367953e-01   7.2187444e-02   2.4177245e-02   6.1465742e-02   3.8502307e-03   1.3943964e-02   9.1904565e-02   1.6667636e-01   3.1654545e-02   6.8048735e-02   1.2255823e-01
   8.0730596e-03   3.8694050e-02   7.4463272e-02   2.0099716e-01   1.5396033e-01   9.4091313e-03   2.0084110e-01   1.0285267e-01   2.2275828e-03   5.3145127e-02   2.1773999e-02   9.9839957e-02   3.3722559e-02
   8.0980062e-03   5.7079500e-02   8.3758639e-02   9.0939210e-02   5.9178495e-03   1.7373606e-01   3.4061317e-02   3.5234232e-02   1.6984295e-01   7.3294162e-02   9.2686357e-02   1.2762619e-03   1.7407545e-01
   8.2695806e-03   1.5721508e-02   5.9644155e-02   1.5636744e-01   2.0108945e-02   2.2630696e-01   2.8057221e-02   1.0824320e-01   1.2553792e-02   9.2747386e-02   6.1619367e-02   1.5006239e-01   6.0298061e-02
   8.5892423e-03   6.2145288e-02   4.0359520e-02   4.5801641e-02   2.6577447e-02   1.0134263e-02   1.0308942e-01   9.7141059e-02   1.7071848e-01   2.1010982e-01   7.3874789e-02   1.2250727e-01   2.8951763e-02
   8.6772900e-03   7.2594871e-02   2.5830371e-01   1.1254396e-01   2.1400506e-02   1.1432490e-01   5.2140445e-02   1.2194160e-01   6.2757201e-02   2.8791470e-02   7.6975482e-02   3.2122013e-03   6.6336368e-02
   8.7812280e-03   1.5744396e-01   5.9566705e-02   5.6840433e-03   7.9969832e-03   2.7368683e-01   3.4385501e-02   3.0384327e-02   3.0045879e-02   5.3105892e-02   9.2510108e-02   2.0078880e-01   4.5619754e-02
   9.0259273e-03   4.6549213e-02   3.0029268e-02   3.5952261e-02   1.8976513e-01   1.2840717e-01   2.2677037e-03   9.1326074e-03   1.2933657e-02   1.6524957e-01   6.0453967e-02   1.0868308e-01   2.0155045e-01
   9.0392233e-03   2.2541514e-02   1.8460720e-02   1.8293616e-01   4.0102583e-02   1.7587395e-01   1.6055734e-02   1.3821643e-01   1.7744387e-02   1.9208401e-01   1.3033121e-01   1.0413949e-02   4.6200117e-02
   9.2291997e-03   6.0000752e-02   4.3664700e-02   1.2423899e-01   1.0742718e-01   2.3742706e-01   1.2744400e-02   6.3769397e-03   8.1751750e-02   1.2490867e-01   2.4610461e-03   9.8673932e-02   9.1095393e-02
   9.3739598e-03   6.4027276e-02   1.2023103e-01   1.2152426e-02   1.9780686e-01   1.7552784e-03   2.5450406e-02   1.0837585e-02   7.6682783e-03   1.9815583e-01   5.6794838e-02   1.4213540e-01   1.5361084e-01
   9.5014547e-03   2.9726664e-02   4.4816566e-02   5.2843625e-02   1.4161430e-01   3.6577128e-04   9.6411526e-02   2.1585866e-02   2.1863092e-01   6.7926750e-02   2.2526811e-01   2.0243820e-02   7.1064627e-02
   9.5128349e-03   8.6190531e-02   9.8956678e-03   1.4205647e-01   1.4893643e-01   7.7609342e-02   2.6912288e-02   1.1008697e-01   9.6671323e-02   9.3400815e-02   2.1754951e-02   1.0426765e-01   7.2704723e-02
   9.5502309e-03   1.2099101e-01   1.6788159e-01   5.8862030e-02   1.3620141e-01   3.5698993e-02   3.9419901e-03   1.1085278e-01   1.1426340e-01   1.5659717e-01   3.6477390e-02   2.7756362e-02   2.0925629e-02
   9.7728598e-03   1.4178992e-02   2.5464996e-02   2.3910995e-01   1.1725232e-02   1.1346792e-01   1.8236867e-01   3.3716379e-03   1.0526540e-01   3.1743520e-03   5.6334654e-02   3.8382215e-02   1.9738312e-01
   9.9025805e-03   2.4633314e-02   8.8356928e-02   2.6062106e-01   1.7923841e-01   1.2280192e-01   4.7261343e-02   2.7121282e-02   9.5509650e-02   5.2089333e-02   1.3520836e-02   6.7769165e-02   1.1174179e-02
   9.9776837e-03   1.6153179e-01   7.0245449e-03   8.2760828e-02   1.5469826e-01   1.8782677e-01   7.9251278e-02   2.4743801e-03   2.2733336e-02   1.6022257e-02   9.0322334e-02   3.2984934e-03   1.8207805e-01
   1.0235107e-02   9.1783006e-03   1.7447610e-03   7.8077604e-02   9.2290652e-02   2.4643507e-01   5.2463332e-03   1.3261661e-01   5.4359210e-02   1.7990041e-03   1.9316300e-01   1.5695510e-01   1.7899237e-02
   1.0343173e-02   1.9385651e-01   6.7179298e-02   4.0588691e-02   1.7315224e-01   4.2699535e-03   4.7944692e-02   1.9754098e-01   2.0677487e-01   3.6075374e-02   6.6304345e-03   1.0428123e-02   5.2156561e-03
   1.0878202e-02   9.4398041e-02   7.7978703e-03   5.8754193e-02   2.7296583e-01   2.3706801e-02   4.1092694e-02   2.6962194e-02   2.9564080e-02   2.5310252e-03   1.6963927e-01   2.1314413e-01   4.8565665e-02
   1.0907998e-02   3.7346621e-02   1.6241649e-02   1.8934292e-02   2.5258164e-03   1.6086129e-01   2.0036909e-01   7.1061020e-02   2.0305487e-01   1.7909164e-01   7.3231930e-02   9.3704179e-05   2.6280083e-02
   1.1390521e-02   2.3028004e-03   4.1231653e-02   7.3821005e-02   1.5465494e-01   1.1397567e-01   7.8006159e-02   4.1627266e-02   7.6720652e-03   6.6677783e-02   2.1001012e-01   6.9923469e-04   1.9793079e-01
   1.1728454e-02   1.2658648e-02   4.5610982e-02   2.1204456e-02   1.7450223e-02   1.9883306e-01   1.7767957e-01   1.2920892e-03   2.0393677e-01   2.6482778e-02   8.0580558e-02   6.7896664e-03   1.9575274e-01
   1.2265671e-02   2.2992267e-01   1.0776509e-01   9.4457568e-03   5.7162031e-02   5.4729460e-03   1.1392293e-02   6.0201052e-02   1.1959704e-01   1.3011210e-01   1.7301407e-01   6.5598624e-02   1.8050660e-02
   1.2288886e-02   2.9398653e-03   1.4007027e-01   8.5262829e-02   4.0545880e-02   5.1192009e-02   1.2268058e-01   1.2237490e-01   5.3905473e-02   1.5910119e-01   1.6185685e-02   1.8984928e-02   1.7446751e-01
   1.2371693e-02   6.6307784e-02   9.6479788e-02   2.4820643e-01   3.1792383e-02   2.5808702e-01   6.5829338e-02   9.4512193e-02   5.1521589e-02   1.2021861e-04   1.6828214e-02   1.6168140e-02   4.1775203e-02
   1.2687891e-02   2.9769155e-01   9.6683693e-02   6.2043788e-02   4.3997023e-02   4.4807532e-02   2.8344449e-02   1.4509475e-01   5.8460870e-02   4.0285616e-02   6.4632839e-03   1.5999714e-01   3.4424169e-03
   1.2942239e-02   2.0341363e-01   3.4244928e-03   1.8282449e-02   2.6776642e-02   1.5901296e-01   5.7305907e-04   4.2186961e-03   1.6457583e-01   9.1505098e-02   1.3629483e-01   7.6909548e-02   1.0207053e-01
   1.3148697e-02   1.9972330e-02   1.9410777e-02   1.6846371e-01   1.4961186e-01   1.8655262e-01   1.2100971e-01   1.6897263e-01   5.6183183e-02   4.9479208e-02   1.3607899e-02   1.3872858e-03   3.2200093e-02
   1.3392469e-02   1.3136631e-01   7.3480887e-02   2.6506739e-02   1.1659908e-01   1.4850483e-01   1.9189921e-02   1.9998209e-01   1.9921926e-03   1.6234199e-01   4.8089816e-02   3.5336424e-02   2.3217253e-02
   1.3538326e-02   1.3604085e-01   1.0615423e-02   2.5423314e-02   1.2633697e-01   1.0640653e-01   7.5337322e-02   1.2869940e-01   2.5486344e-02   1.1563374e-01   1.4023562e-01   8.8191691e-02   8.0544751e-03
   1.3655799e-02   2.6027581e-03   5.5303966e-03   3.0788090e-03   1.1766151e-01   1.9190099e-01   1.4141257e-02   2.3931646e-01   9.9500149e-03   2.9526786e-02   3.4681254e-02   2.5672846e-01   8.1225502e-02
   1.3959760e-02   1.6324888e-01   5.7296355e-02   2.1372438e-02   5.6109859e-02   2.4512716e-02   2.4069383e-02   2.1615054e-01   9.8328027e-02   2.1430675e-01   8.7891415e-02   2.0823058e-03   2.0671563e-02
   1.3968143e-02   1.8430118e-01   2.8607975e-02   1.2286004e-01   9.9703319e-03   1.8700192e-01   1.3275531e-01   6.0658718e-02   2.5053470e-02   1.5981774e-01   4.1566555e-02   1.1549541e-02   2.1889079e-02
   1.4139038e-02   5.5803059e-02   1.9638863e-01   5.8512265e-02   2.0006781e-01   1.0136491e-01   2.0890680e-02   9.7668954e-02   2.1441270e-01   2.1484784e-03   3.5646296e-03   2.4643819e-02   1.0395013e-02
   1.4377736e-02   2.3857269e-02   5.9807011e-03   1.9149816e-02   1.7307063e-02   1.6235601e-01   7.1246722e-02   2.1854737e-02   1.0901014e-01   1.9651227e-01   9.5763397e-02   2.4007788e-01   2.2506247e-02
   1.4435067e-02   1.2801583e-01   4.7701971e-02   1.9446653e-01   1.2078501e-01   5.1042274e-02   1.8882553e-02   1.0732077e-01   2.3116299e-01   6.1282109e-03   3.4514552e-02   2.1101951e-02   2.4442293e-02
   1.4703888e-02   1.2393597e-01   9.5411816e-03   1.3342329e-02   2.2069222e-01   2.0295365e-02   2.3899930e-01   8.4618072e-02   3.5970480e-02   1.0805913e-01   1.7623881e-02   6.7005529e-02   4.5212656e-02
   1.4941979e-02   1.5761739e-01   1.4981991e-01   1.3652443e-01   1.2888492e-01   9.4169741e-02   1.0894650e-01   1.0285594e-02   9.6969735e-03   1.5232268e-01   1.2094647e-02   3.9355977e-03   2.0759645e-02
   1.5000507e-02   1.5688973e-01   1.8424085e-01   4.1444503e-02   3.8973624e-02   3.7429240e-03   2.4185137e-02   5.1631482e-02   2.2958228e-01   9.1942862e-03   1.0444082e-01   2.4955083e-02   1.1571878e-01
   1.5031078e-02   5.8207422e-02   1.2032478e-03   5.9076294e-02   8.0794003e-02   2.0570337e-02   2.1164411e-01   1.2983982e-01   2.1074022e-01   2.0087284e-02   3.3595623e-02   1.0265598e-01   5.6554577e-02
   1.5260753e-02   1.1793680e-01   1.7767461e-02   1.9300582e-01   1.3818158e-01   1.6308729e-02   5.7433334e-02   1.2037389e-03   2.7362623e-02   4.5490566e-02   1.7669743e-01   1.0320949e-02   1.8303023e-01
   1.5497808e-02   2.1922361e-02   1.9461842e-01   3.1409683e-02   4.6004581e-02   2.7135018e-01   2.9020761e-03   2.2533889e-01   5.7445914e-02   6.6211223e-03   3.2294672e-03   1.1311244e-01   1.0547053e-02
   1.5702246e-02   7.3964361e-05   4.7514785e-02   2.0737788e-01   4.3489412e-02   1.1392195e-02   3.7646237e-03   7.5593776e-02   1.1464929e-01   1.6387652e-02   1.6191110e-01   1.4701695e-01   1.5512612e-01
   1.6219732e-02   2.0452748e-02   6.6168285e-02   1.5218935e-01   6.1998473e-02   4.9875663e-02   1.3183871e-03   2.5901778e-02   1.5753107e-01   1.8172935e-01   1.5522423e-01   1.7255211e-02   9.4135720e-02
   1.6273034e-02   5.8693933e-03   1.3276040e-01   1.4654966e-01   2.5674338e-01   4.3411165e-02   6.3207863e-04   6.5120150e-02   8.2725108e-02   1.0637750e-01   1.4767098e-02   5.0284029e-02   7.8486999e-02
   1.6377229e-02   3.9864195e-02   1.3408324e-01   1.3011324e-01   1.1743999e-01   3.4942664e-02   9.5382924e-02   3.4748324e-02   1.0896397e-01   1.4668989e-01   1.7088228e-03   8.2320931e-02   5.7364584e-02
   1.6466410e-02   1.5999883e-01   3.4700111e-02   5.0189753e-02   1.4088063e-01   1.5307775e-01   8.6933007e-03   1.6115595e-02   1.2735696e-01   6.5131347e-03   1.6531665e-02   1.5685628e-01   1.1261957e-01
   1.6491488e-02   1.0769545e-01   5.9009972e-02   2.5769251e-01   2.5742662e-01   3.9617733e-03   7.0333447e-03   8.9904480e-02   1.8464708e-02   5.3512494e-02   7.4977557e-02   5.8558132e-03   4.7973793e-02
   1.6523451e-02   1.1621815e-01   4.0216401e-02   2.4489097e-02   3.4553887e-02   1.0523753e-01   4.7488439e-02   2.1578692e-02   3.2893618e-04   4.3854754e-02   1.9033117e-01   1.5745681e-01   2.0172268e-01
   1.6663248e-02   1.5097372e-03   1.9623544e-01   1.4582272e-01   8.5320702e-02   3.4898426e-02   1.2929348e-02   1.7895232e-01   1.7658778e-02   1.1765291e-02   4.4653456e-02   5.2352224e-02   2.0123831e-01
   1.7064285e-02   2.3859659e-02   1.0932159e-01   1.1475387e-04   1.5886071e-01   6.6405177e-02   2.0358381e-01   2.2750987e-01   7.6191529e-02   1.8768201e-03   5.2062545e-02   2.0748420e-02   4.2400834e-02
   1.7165975e-02   1.7246911e-01   3.0718832e-02   1.6844181e-01   1.7451274e-02   1.1327964e-01   7.1360329e-03   3.5585599e-03   2.1425373e-01   9.5719721e-02   1.2190613e-01   1.4244738e-02   2.3654445e-02
   1.7180591e-02   1.1724017e-02   4.5298827e-02   1.6508583e-02   2.1765566e-01   6.7350803e-03   2.9471864e-02   7.7595067e-02   1.0484847e-01   4.5170134e-02   1.8292441e-01   2.6645859e-02   2.1824145e-01
   1.7207011e-02   4.4629801e-02   1.6579072e-02   1.4331848e-02   2.1223389e-01   8.1292944e-02   9.7446927e-02   2.9096057e-02   1.6852566e-01   1.7558491e-01   1.9820538e-02   6.9338792e-02   5.3912551e-02
   1.8191003e-02   6.0488577e-02   4.4162262e-02   1.8016063e-02   1.3734590e-01   3.1345364e-02   3.8590049e-02   1.3939729e-02   2.0066853e-01   6.8571245e-02   1.1606306e-02   1.3293032e-01   2.2414466e-01
   1.8220605e-02   1.2476973e-01   3.7771393e-02   8.9877994e-03   1.5905557e-01   5.1954380e-02   1.7406243e-01   1.5120248e-01   1.5721545e-01   7.8483770e-02   7.8150224e-03   1.4658316e-02   1.5803051e-02
   1.8368568e-02   2.4059347e-02   8.8119621e-02   1.8614611e-01   2.3909804e-02   1.7683438e-02   8.0186220e-02   5.8414224e-02   1.4507824e-01   1.4553100e-01   4.4011228e-02   1.3032901e-03   1.6718891e-01
   1.8569374e-02   1.0900068e-01   1.8929743e-01   2.6506886e-04   8.0872610e-02   1.2539925e-02   2.0721734e-02   1.3105484e-01   1.5999659e-01   5.9295067e-02   3.4226818e-02   1.3258738e-02   1.7090112e-01
   1.8748186e-02   8.3334586e-03   1.2673793e-02   2.8857766e-02   1.5335866e-01   1.2904217e-01   1.6111430e-01   3.2440834e-02   4.9479432e-02   6.4362473e-03   1.4898414e-01   1.5275900e-01   9.7772002e-02
   1.9321824e-02   6.7870412e-02   3.7949775e-02   1.4494910e-01   1.3486462e-02   3.4204028e-02   1.9355042e-02   1.7592994e-01   1.6827210e-01   2.4126402e-01   1.8869162e-02   3.9617781e-02   1.8910339e-02
   1.9513781e-02   1.0615051e-01   1.6016647e-01   1.0416757e-01   1.0673747e-01   1.1969540e-01   2.3182100e-02   1.4559680e-01   1.0367138e-01   2.6963342e-02   1.5645594e-03   4.4847822e-02   3.7742790e-02
   1.9670415e-02   2.2229888e-02   1.3687654e-01   4.3014641e-02   2.6812016e-03   1.1877068e-01   6.8605098e-02   2.2829674e-01   1.0677444e-01   1.8661159e-02   6.8118332e-02   1.3431177e-01   3.1989109e-02
   1.9783785e-02   1.6660692e-01   2.2260738e-01   1.1730756e-01   6.7835714e-02   1.2895177e-01   1.7857627e-02   2.3053445e-02   4.1731159e-02   1.4811797e-02   1.7247221e-01   1.1853024e-03   5.7953263e-03
   2.0228316e-02   4.8223732e-02   1.3350765e-01   1.4800911e-01   1.3288372e-01   2.3088534e-02   2.5083250e-02   8.5723564e-03   2.6850616e-02   1.4328542e-01   1.5472141e-01   4.2050433e-03   1.3134085e-01
   2.0235200e-02   8.8775905e-02   4.1551574e-02   1.6894463e-01   6.2324112e-02   9.7178179e-02   1.0883528e-01   4.5568473e-02   2.5523178e-02   1.2581823e-02   1.5357044e-02   7.6728272e-02   2.3639633e-01
   2.0377982e-02   1.1300065e-01   2.4362302e-02   8.2008048e-02   2.4648424e-01   1.7071601e-01   1.4707730e-02   5.0211846e-03   4.9390537e-02   7.0350682e-02   9.1810531e-02   7.8942785e-02   3.2827323e-02
   2.0389536e-02   8.9588424e-02   5.9522444e-02   6.2852899e-02   2.4751643e-02   3.8830479e-02   8.1937630e-03   2.4384565e-01   1.9023308e-02   1.0765482e-01   2.5380318e-01   4.3993488e-02   2.7550366e-02
   2.0860584e-02   1.5410491e-02   2.2419166e-01   6.0893757e-03   1.3502274e-01   3.9042290e-02   7.3882070e-02   4.8204684e-02   8.7841693e-02   2.2391291e-01   3.1638936e-03   2.0691320e-02   1.0168629e-01
   2.0889346e-02   2.0479452e-02   7.1788229e-03   7.1122096e-02   6.1058435e-03   1.3114759e-01   8.8798373e-02   1.8530486e-01   3.7109867e-02   1.9146824e-01   4.8139532e-02   1.1462865e-01   7.7627334e-02
   2.1245613e-02   9.6143212e-02   1.8702168e-02   1.6265065e-01   1.7061229e-02   1.6292088e-01   4.0196165e-02   1.6132891e-02   1.2786132e-01   3.7588868e-02   2.9078262e-03   1.6472700e-01   1.3186217e-01
   2.1501567e-02   7.5563631e-02   2.2702314e-01   5.1822569e-02   8.6909134e-02   1.8308315e-01   2.2716987e-04   2.1659005e-02   2.0462580e-01   4.2032378e-02   4.1390463e-03   5.9420741e-03   7.5471340e-02
   2.1502356e-02   1.1271010e-01   2.4088099e-01   3.7384756e-02   1.5792302e-01   2.0951216e-04   1.2886296e-01   1.7168313e-01   8.6006733e-03   8.6569620e-02   1.5957097e-02   1.6088586e-02   1.6271930e-03
   2.1510306e-02   5.9010169e-03   1.0448625e-01   7.2398105e-02   1.5767773e-01   5.5604512e-02   9.7219912e-02   1.2953961e-01   6.4130122e-02   1.6015984e-03   5.6676282e-02   8.8285852e-02   1.4496871e-01
   2.1589719e-02   6.5339266e-02   1.1675858e-01   1.1442416e-01   9.4006027e-03   2.0657828e-01   5.3065879e-02   9.6323619e-02   2.3062473e-02   1.0147183e-01   8.6755358e-02   1.3760693e-02   9.1469541e-02
   2.1925398e-02   2.3759772e-01   3.5716468e-02   2.0141272e-01   4.1863843e-02   2.9166191e-02   2.2858353e-01   1.8762985e-02   6.7398004e-03   3.5512845e-02   4.4297982e-02   2.5209151e-02   7.3211370e-02
   2.2123099e-02   1.1808423e-01   1.8702107e-01   5.7961439e-02   5.3908280e-02   1.1105793e-02   1.8386185e-02   5.9280986e-03   8.3081303e-02   2.6996315e-02   1.9293889e-01   2.1030265e-02   2.0143504e-01
   2.2319803e-02   3.9533316e-03   1.6343641e-01   2.1089821e-02   2.6973002e-02   1.1985791e-01   7.3121864e-02   9.6943228e-03   3.5601583e-02   1.4827658e-01   1.6723856e-01   1.9945826e-01   8.9785590e-03
   2.2718430e-02   7.0890160e-02   1.8636731e-02   1.3467095e-02   9.4956103e-02   3.6660237e-02   3.4690018e-03   2.0262492e-01   2.1219348e-01   9.0379085e-02   1.1759933e-01   1.3214214e-02   1.0319121e-01
   2.2889071e-02   3.8071349e-03   1.9161290e-02   2.0487726e-01   5.5730607e-02   4.7162961e-02   5.5462803e-02   1.0378401e-01   2.3628683e-02   2.7133451e-02   1.4450930e-01   2.5689151e-01   3.4961916e-02
   2.3081669e-02   4.8033220e-02   3.1888281e-02   7.8835807e-02   9.9184342e-02   1.1638631e-01   1.0364066e-02   1.5059799e-01   2.0564429e-01   1.3083729e-02   1.8467676e-03   4.9957194e-02   1.7109634e-01
   2.3991998e-02   1.2437073e-02   3.2826528e-02   1.9003801e-02   6.8779566e-03   1.5919190e-02   1.2252632e-02   1.6931708e-01   6.3109824e-02   2.2255062e-01   1.7914981e-01   1.8053284e-01   6.2030640e-02
   2.4257165e-02   4.3606921e-02   5.4475821e-02   1.6990148e-01   7.8965842e-02   8.6397072e-03   8.9591616e-02   1.8833205e-01   8.4886423e-02   7.9346971e-03   4.6254745e-02   3.7380022e-02   1.6577351e-01
   2.4441310e-02   1.3585564e-01   2.1692341e-01   1.3592667e-01   6.2090122e-02   3.4880206e-03   1.2842783e-01   3.9560538e-05   6.5991813e-02   3.2253433e-02   2.8696342e-02   1.0510247e-01   6.0763380e-02
   2.5356788e-02   1.4122520e-01   3.7684751e-03   1.8986543e-02   6.9650963e-02   1.4749298e-01   7.5668206e-02   8.1246006e-02   2.7674829e-02   1.1428398e-01   9.6720990e-03   1.5392083e-01   1.3105310e-01
   2.5633253e-02   1.2895401e-03   1.0585918e-04   1.4695947e-02   1.5879818e-01   1.0612714e-01   2.8207652e-02   2.5704936e-03   1.6739352e-01   1.1666661e-01   1.5093606e-01   1.2661084e-01   1.0096491e-01
   2.5745290e-02   1.4715614e-01   1.4070371e-01   1.0551345e-01   4.8825097e-02   2.4248437e-02   1.9050109e-02   2.9583664e-02   1.7886873e-03   6.3881188e-02   1.3026067e-01   1.2765627e-01   1.3558728e-01
   2.6065336e-02   2.3027743e-02   1.6113764e-02   2.3714330e-02   5.8995975e-02   1.5464307e-02   1.0337652e-01   3.2578669e-01   1.6291620e-01   6.8867980e-02   8.8540730e-02   3.0213599e-02   5.6916834e-02
   2.6170154e-02   7.8960958e-02   1.7271633e-02   5.6714388e-03   2.8029421e-02   5.9059626e-02   1.7336287e-01   1.4321931e-02   2.3809403e-01   1.5602062e-02   2.2368374e-01   8.2528873e-02   3.7243268e-02
   2.6252222e-02   2.6680514e-03   2.8236555e-02   2.3230455e-02   8.0250551e-02   1.9839277e-01   1.6923993e-01   4.4061938e-03   4.2707426e-02   2.1948049e-02   1.4934845e-02   1.6438817e-01   2.2334478e-01
   2.6344018e-02   4.4601076e-02   1.3986046e-01   1.4894345e-01   1.4531888e-02   5.0601579e-02   1.8300628e-01   2.3575423e-01   2.1168909e-03   3.8723237e-02   2.1425074e-02   4.0636275e-03   9.0028186e-02
   2.6656894e-02   7.8475495e-02   1.6420807e-01   1.0733925e-01   1.1047479e-01   3.1872308e-03   4.5747971e-02   1.2266796e-01   1.4013208e-01   1.1619419e-02   8.3240393e-02   9.7519601e-02   8.7308350e-03
   2.6689505e-02   7.8083700e-02   8.9890103e-03   1.2679684e-02   1.5548767e-01   1.8216687e-02   4.1433112e-02   1.9708891e-01   3.3108244e-02   1.6591256e-01   4.1387689e-02   4.9024302e-02   1.7189893e-01
   2.6963710e-02   1.6056122e-01   1.8472747e-01   1.5659752e-01   3.1189993e-02   1.0192357e-01   1.0726862e-03   4.4999596e-02   1.3394983e-01   3.2816970e-03   1.8309475e-03   6.7440973e-03   1.4615766e-01
   2.7582768e-02   7.5173674e-02   2.7109249e-02   1.2819997e-01   2.9509699e-02   9.2643100e-03   1.1217635e-02   2.8573877e-03   2.0135345e-01   2.2487522e-01   1.8104114e-02   1.7838097e-01   6.6371560e-02
   2.8277329e-02   5.0897072e-02   2.4009684e-02   1.8327712e-01   7.0446488e-02   4.7469135e-03   1.3461894e-01   1.3811101e-02   1.7589475e-01   1.4030455e-02   2.0004424e-01   2.1844789e-02   7.8101122e-02
   2.8447828e-02   2.3149156e-02   6.2598332e-02   1.0924831e-02   1.7436616e-01   1.4392574e-01   1.0408735e-02   1.5013324e-01   9.8273860e-02   2.5593460e-03   1.7467081e-01   3.3660788e-02   8.6881173e-02
   2.9179521e-02   1.0568060e-01   3.3392367e-02   1.3830360e-01   4.0684392e-03   1.2056358e-02   4.7745993e-02   1.7269354e-01   1.2926048e-02   2.0887218e-01   5.7325220e-02   9.3886219e-03   1.6836751e-01
   2.9337816e-02   7.7000956e-02   4.3716391e-02   3.9097663e-02   1.5237591e-01   1.7571870e-01   8.8673609e-02   3.2468248e-03   4.0144726e-02   1.8250613e-01   1.8582874e-02   1.3781149e-01   1.1786909e-02
   2.9434962e-02   6.0631020e-02   1.6875012e-02   1.0311746e-01   1.2452273e-01   1.0392424e-02   1.5949486e-01   1.4340564e-01   8.5206189e-02   5.4985408e-02   3.8480483e-02   1.5430662e-01   1.9147195e-02
   2.9634882e-02   4.0052505e-03   2.0375696e-01   7.7595863e-02   1.1699424e-01   1.3342997e-01   2.0523922e-02   4.0676083e-02   1.8190060e-02   1.2166551e-01   2.8819101e-02   2.0445807e-01   2.5008381e-04
   2.9681196e-02   1.5967604e-01   1.4157375e-01   6.3002818e-02   1.1595377e-01   1.0296687e-01   9.3332508e-03   1.0838577e-01   8.6308804e-03   9.3656627e-02   2.0817012e-02   1.4407710e-01   2.2449195e-03
   3.0038933e-02   7.6799177e-02   1.3850321e-01   4.3546963e-02   3.5608077e-03   1.6160050e-02   1.7977105e-01   2.7289501e-02   1.0554687e-01   2.7724766e-02   2.2868272e-01   1.1377121e-01   8.6047413e-03
   3.0154934e-02   6.2831182e-03   6.0144253e-02   1.6575469e-02   5.3217560e-02   2.2070264e-01   4.5649706e-02   2.3811668e-02   1.0478045e-01   9.0148885e-02   1.4732450e-01   1.1715488e-01   8.4051944e-02
   3.0182897e-02   2.0829848e-01   1.0091171e-01   4.0682212e-02   8.0792975e-02   1.3273357e-01   1.4757379e-02   9.8514128e-02   1.9441169e-02   6.8653082e-02   7.9431296e-02   2.5954215e-02   9.9646892e-02
   3.0262470e-02   2.3267604e-01   1.5206540e-02   6.3535291e-02   1.5980556e-01   8.3737465e-03   1.7115640e-01   5.3269855e-02   1.3538340e-02   1.3512197e-02   1.1207766e-01   7.8254595e-02   4.8331310e-02
   3.1090810e-02   7.8521731e-02   1.9556163e-01   1.6375638e-02   4.4324449e-02   8.5324428e-03   1.8884347e-01   4.6223521e-03   3.3084860e-03   2.2497934e-01   3.5367249e-02   8.7180615e-02   8.1291793e-02
   3.1247636e-02   1.5577715e-01   1.6487038e-02   2.8948043e-02   1.3363103e-01   8.0472440e-02   1.4106361e-01   8.6279322e-02   4.3054327e-02   8.3125680e-02   8.5735344e-03   1.9101989e-01   3.2030349e-04
   3.1455780e-02   7.6525389e-02   6.7171345e-02   1.5588793e-01   1.2492609e-01   2.1046135e-02   2.6242162e-03   1.1860093e-02   6.4574117e-03   2.4786333e-01   7.2821793e-05   3.2175291e-02   2.2193417e-01
   3.1613203e-02   7.6603434e-02   3.2579479e-02   1.8794308e-02   7.6750755e-03   1.7220691e-01   2.0104540e-01   1.7578919e-01   2.8026419e-03   4.4436940e-02   2.7755065e-02   1.9787851e-01   1.0819853e-02
   3.1710353e-02   1.7508919e-02   1.3526807e-01   1.0835687e-01   1.8998542e-01   3.0731321e-03   6.6126633e-03   1.5816588e-01   3.1037938e-02   1.9012669e-02   3.7717050e-02   1.8869667e-01   7.2854368e-02
   3.1796989e-02   8.9304812e-02   2.0637133e-02   5.3574592e-02   7.7046978e-02   2.5612797e-02   1.8449729e-01   2.1724725e-03   1.8442881e-01   1.0926645e-01   4.7220802e-02   1.7293760e-01   1.5032689e-03
