   0.0000000e+00   0.0000000e+00   0.0000000e+00   0.0000000e+00   0.0000000e+00   0.0000000e+00   0.0000000e+00   0.0000000e+00   0.0000000e+00   0.0000000e+00   0.0000000e+00   0.0000000e+00   0.0000000e+00   0.0000000e+00   0.0000000e+00   0.0000000e+00   1.0000000e+00
   0.0000000e+00   0.0000000e+00   0.0000000e+00   0.0000000e+00   0.0000000e+00   0.0000000e+00   0.0000000e+00   0.0000000e+00   0.0000000e+00   0.0000000e+00   0.0000000e+00   0.0000000e+00   0.0000000e+00   0.0000000e+00   0.0000000e+00   1.0000000e+00   0.0000000e+00
   0.0000000e+00   0.0000000e+00   0.0000000e+00   0.0000000e+00   0.0000000e+00   0.0000000e+00   0.0000000e+00   0.0000000e+00   0.0000000e+00   0.0000000e+00   0.0000000e+00   0.0000000e+00   0.0000000e+00   0.0000000e+00   1.0000000e+00   0.0000000e+00   0.0000000e+00
   0.0000000e+00   0.0000000e+00   0.0000000e+00   0.0000000e+00   0.0000000e+00   0.0000000e+00   0.0000000e+00   0.0000000e+00   0.0000000e+00   0.0000000e+00   0.0000000e+00   0.0000000e+00   0.0000000e+00   1.0000000e+00   0.0000000e+00   0.0000000e+00   0.0000000e+00
   0.0000000e+00   0.0000000e+00   0.0000000e+00   0.0000000e+00   0.0000000e+00   0.0000000e+00   0.0000000e+00   0.0000000e+00   0.0000000e+00   0.0000000e+00   0.0000000e+00   0.0000000e+00   1.0000000e+00   0.0000000e+00   0.0000000e+00   0.0000000e+00   0.0000000e+00
   0.0000000e+00   0.0000000e+00   0.0000000e+00   0.0000000e+00   0.0000000e+00   0.0000000e+00   0.0000000e+00   0.0000000e+00   0.0000000e+00   0.0000000e+00   0.0000000e+00   1.0000000e+00   0.0000000e+00   0.0000000e+00   0.0000000e+00   0.0000000e+00   0.0000000e+00
   0.0000000e+00   0.0000000e+00   0.0000000e+00   0.0000000e+00   0.0000000e+00   0.0000000e+00   0.0000000e+00   0.0000000e+00   0.0000000e+00   0.0000000e+00   1.0000000e+00   0.0000000e+00   0.0000000e+00   0.0000000e+00   0.0000000e+00   0.0000000e+00   0.0000000e+00
   0.0000000e+00   0.0000000e+00   0.0000000e+00   0.0000000e+00   0.0000000e+00   0.0000000e+00   0.0000000e+00   0.0000000e+00   0.0000000e+00   1.0000000e+00   0.0000000e+00   0.0000000e+00   0.0000000e+00   0.0000000e+00   0.0000000e+00   0.0000000e+00   0.0000000e+00
   0.0000000e+00   0.0000000e+00   0.0000000e+00   0.0000000e+00   0.0000000e+00   0.0000000e+00   0.0000000e+00   0.0000000e+00   1.0000000e+00   0.0000000e+00   0.0000000e+00   0.0000000e+00   0.0000000e+00   0.0000000e+00   0.0000000e+00   0.0000000e+00   0.0000000e+00
   0.0000000e+00   0.0000000e+00   0.0000000e+00   0.0000000e+00   0.0000000e+00   0.0000000e+00   0.0000000e+00   1.0000000e+00   0.0000000e+00   0.0000000e+00   0.0000000e+00   0.0000000e+00   0.0000000e+00   0.0000000e+00   0.0000000e+00   0.0000000e+00   0.0000000e+00
   0.0000000e+00   0.0000000e+00   0.0000000e+00   0.0000000e+00   0.0000000e+00   0.0000000e+00   1.0000000e+00   0.0000000e+00   0.0000000e+00   0.0000000e+00   0.0000000e+00   0.0000000e+00   0.0000000e+00   0.0000000e+00   0.0000000e+00   0.0000000e+00   0.0000000e+00
   0.0000000e+00   0.0000000e+00   0.0000000e+00   0.0000000e+00   0.0000000e+00   1.0000000e+00   0.0000000e+00   0.0000000e+00   0.0000000e+00   0.0000000e+00   0.0000000e+00   0.0000000e+00   0.0000000e+00   0.0000000e+00   0.0000000e+00   0.0000000e+00   0.0000000e+00
   0.0000000e+00   0.0000000e+00   0.0000000e+00   0.0000000e+00   1.0000000e+00   0.0000000e+00   0.0000000e+00   0.0000000e+00   0.0000000e+00   0.0000000e+00   0.0000000e+00   0.0000000e+00   0.0000000e+00   0.0000000e+00   0.0000000e+00   0.0000000e+00   0.0000000e+00
   0.0000000e+00   0.0000000e+00   0.0000000e+00   1.0000000e+00   0.0000000e+00   0.0000000e+00   0.0000000e+00   0.0000000e+00   0.0000000e+00   0.0000000e+00   0.0000000e+00   0.0000000e+00   0.0000000e+00   0.0000000e+00   0.0000000e+00   0.0000000e+00   0.0000000e+00
   0.0000000e+00   0.0000000e+00   1.0000000e+00   0.0000000e+00   0.0000000e+00   0.0000000e+00   0.0000000e+00   0.0000000e+00   0.0000000e+00   0.0000000e+00   0.0000000e+00   0.0000000e+00   0.0000000e+00   0.0000000e+00   0.0000000e+00   0.0000000e+00   0.0000000e+00
   0.0000000e+00   1.0000000e+00   0.0000000e+00   0.0000000e+00   0.0000000e+00   0.0000000e+00   0.0000000e+00   0.0000000e+00   0.0000000e+00   0.0000000e+00   0.0000000e+00   0.0000000e+00   0.0000000e+00   0.0000000e+00   0.0000000e+00   0.0000000e+00   0.0000000e+00
   2.2652155e-03   1.4720758e-02   1.3414130e-01   3.9984318e-02   5.0698532e-03   8.8199294e-02   1.5997595e-01   1.0201703e-02   5.5995144e-02   1.2421924e-01   1.0105773e-02   7.4004719e-02   1.1079357e-01   1.5606976e-02   1.4268754e-02   7.0285447e-02   7.0161984e-02
   2.7472248e-03   1.4800034e-02   1.2305111e-02   1.1448707e-01   2.8016165e-02   1.0916486e-01   1.2519393e-01   1.5670335e-01   1.3208276e-03   9.8689427e-02   1.0815816e-02   2.9350539e-02   6.2901241e-02   6.6843353e-02   5.6938330e-03   8.2661914e-02   7.8305308e-02
   3.2248569e-03   9.5731598e-04   1.9769656e-03   3.3441172e-02   1.3527451e-01   3.4212223e-03   9.0673827e-02   4.1056640e-02   1.4024812e-01   1.3114704e-02   1.1815210e-01   4.9500445e-02   1.4333824e-01   5.2197969e-02   1.5492947e-01   5.2706535e-03   1.3221793e-02
   3.7278623e-03   9.6768520e-03   1.7773874e-01   1.7831137e-02   1.6268080e-02   1.3857662e-02   6.0537544e-02   4.9809446e-02   1.2025607e-01   7.7606762e-02   1.8321792e-02   1.0289793e-01   5.1884775e-02   8.7758502e-02   1.1766897e-02   2.6374714e-02   1.5368523e-01
   3.8001329e-03   1.0474064e-02   6.9715867e-02   4.7646957e-02   1.9543304e-04   8.8699074e-02   1.4608620e-01   6.9933779e-02   6.1525599e-02   1.0686426e-02   1.8696776e-01   1.9290224e-01   1.7470304e-02   5.8536570e-04   1.0159705e-02   4.6719418e-02   3.6431671e-02
   4.0600540e-03   1.3608804e-01   7.6671108e-03   9.1175199e-02   4.8275813e-03   2.5451022e-02   1.4794653e-01   1.6201238e-01   1.1991082e-03   6.1058131e-02   5.2731630e-02   9.3381990e-02   2.1627520e-02   2.2944980e-02   6.0529932e-02   1.0596995e-01   1.3288439e-03
   4.0744927e-03   9.4479066e-03   3.6260290e-02   1.4676383e-01   3.0740871e-02   1.7741640e-01   2.6778992e-02   7.8599247e-03   1.4357117e-02   1.0760417e-03   5.1977393e-03   4.4269303e-02   1.4732865e-01   1.6730949e-01   6.1690221e-02   4.1180276e-03   1.1531071e-01
   4.4399283e-03   4.0280999e-02   4.1995221e-02   1.2958175e-01   1.2978514e-01   8.8944677e-02   1.4715569e-02   4.6494064e-03   8.9595349e-02   2.7371488e-02   1.1804629e-02   1.1014482e-01   1.3893789e-01   1.9878831e-02   7.6793834e-03   4.7558870e-02   9.2636055e-02
   4.6682644e-03   1.0713764e-01   2.9584988e-02   9.8827012e-02   4.3179667e-02   4.1072703e-05   5.7482511e-02   2.7291242e-02   5.9894879e-03   9.1689591e-02   9.7060796e-02   4.3969995e-02   4.9863385e-02   1.2456663e-01   1.3039185e-01   8.3445565e-02   4.8102988e-03
   6.7535629e-03   1.1393341e-01   1.9432999e-02   2.4867616e-04   8.8914625e-02   2.8537963e-02   1.1750672e-01   1.1139610e-01   8.0692858e-02   6.1458793e-03   8.1213866e-03   9.4859493e-02   1.1514341e-01   9.1921562e-02   5.3117710e-02   4.4251685e-02   1.9021960e-02
   8.5914901e-03   1.0799644e-03   1.7838364e-01   9.5908035e-04   8.1519378e-03   6.7188319e-02   1.6423845e-02   1.3110240e-02   1.4547551e-01   3.5329352e-02   2.2645714e-03   1.0319244e-01   1.4965247e-02   1.6826684e-01   3.4701427e-02   1.5513781e-01   4.6778291e-02
   9.0212033e-03   3.6955238e-02   4.0853898e-02   1.8680121e-01   1.0516318e-02   6.4417858e-02   7.0756741e-02   1.4868990e-01   1.0752124e-01   1.8198164e-02   4.1449367e-02   1.1904632e-02   3.8814100e-02   1.6328468e-01   7.5678349e-03   9.4363633e-03   3.3811248e-02
   9.5354001e-03   1.2572834e-01   1.4743154e-02   9.3912054e-03   1.1127916e-01   1.1920616e-01   2.6379520e-02   3.1775066e-02   6.1419450e-03   4.7282570e-02   5.0813915e-02   1.2053469e-01   6.6048186e-02   3.7992881e-02   9.7146301e-02   1.4753856e-02   1.1124765e-01
   9.8355782e-03   1.0550519e-02   3.5615027e-02   5.5603725e-03   2.5367374e-02   2.2285814e-02   3.9965844e-02   2.2988513e-01   1.3705218e-02   1.1938924e-01   1.7045497e-02   2.1193131e-01   2.3604633e-02   1.1000045e-01   8.7977549e-02   2.9429644e-02   7.8508008e-03
   1.0243714e-02   2.0974329e-01   9.7675544e-02   9.4226481e-02   3.2977368e-02   2.6011810e-02   6.5416692e-03   1.0391254e-01   7.7146161e-03   4.3507076e-02   1.5613264e-02   1.3031064e-02   2.5899784e-01   4.2702593e-02   5.0110636e-03   2.6350700e-02   5.7393611e-03
   1.0415427e-02   1.0969544e-01   8.4451445e-03   3.1184614e-02   4.4820166e-02   2.6748882e-03   1.2522742e-01   7.2559417e-02   1.5360820e-01   3.9204191e-03   6.8821202e-04   1.1023161e-01   8.3278386e-04   1.5859984e-01   1.4688157e-02   1.4867230e-01   3.7359675e-03
   1.1060626e-02   2.9564137e-02   3.2910615e-02   1.3984060e-01   3.2574351e-02   1.7312602e-01   4.7886271e-02   9.4793394e-02   1.5844337e-02   1.7304595e-02   4.7756068e-04   1.6934847e-01   9.4431065e-03   3.2062830e-02   4.6429429e-02   1.8072322e-02   1.2926134e-01
   1.1114465e-02   3.9128445e-02   2.0648840e-02   4.2258240e-02   4.7452207e-02   1.3482320e-02   8.0295128e-03   6.5368898e-02   1.4102339e-02   1.5175207e-01   1.1568712e-01   8.0605908e-03   1.1656755e-01   7.5742519e-03   7.8148875e-02   1.1680176e-01   1.4382251e-01
   1.1992047e-02   8.1177427e-03   4.2235456e-02   2.3516455e-02   2.4042149e-02   6.4449033e-03   2.6793942e-02   1.8492004e-01   6.3979952e-02   3.8040804e-02   9.0014904e-02   2.0086756e-03   7.6599086e-03   9.7942635e-02   1.2259862e-01   9.8061824e-02   1.5162995e-01
   1.2324306e-02   3.7068700e-02   5.3217813e-03   2.3702389e-02   1.6262194e-01   2.3734514e-02   4.3495943e-02   1.0375143e-02   1.3589621e-01   8.1019568e-02   8.9760814e-03   1.4730059e-02   1.3452958e-01   1.0431203e-01   2.5831551e-02   3.5751010e-02   1.4030920e-01
   1.4634761e-02   4.0635068e-02   4.9851305e-02   1.6633344e-01   9.6622006e-02   3.1293969e-02   1.9485150e-01   9.3360270e-02   2.6546920e-02   2.2504804e-02   2.3917245e-02   5.0011656e-02   6.2799935e-02   3.2938656e-02   4.6004708e-02   3.3957247e-02   1.3736508e-02
   1.5048829e-02   3.8096775e-03   5.6372781e-02   1.8148516e-02   1.4299490e-01   1.7335858e-03   2.6963432e-02   1.0408900e-01   5.7081494e-02   4.1945037e-02   1.3729555e-01   1.3353202e-01   1.0924476e-01   7.8893997e-03   1.0615867e-02   1.2545130e-01   7.7838512e-03
   1.5854806e-02   3.6445876e-03   7.8406707e-02   1.6218641e-01   3.9836537e-02   1.1954682e-02   6.6330567e-02   6.5946226e-02   1.3016686e-01   5.4900220e-03   3.7991555e-02   1.1756274e-01   4.4939744e-03   4.1114675e-02   8.9913295e-03   6.4973241e-02   1.4505508e-01
   1.8262100e-02   7.2463337e-02   1.7360090e-01   4.9176285e-02   1.9458419e-02   1.0962219e-02   1.8017087e-03   4.4658781e-02   1.1935248e-01   1.7528092e-01   2.9031636e-03   3.6437537e-02   7.8601977e-02   1.0215640e-01   2.5218939e-02   5.9909342e-02   9.7554840e-03
   1.9654225e-02   6.6429331e-03   9.8155509e-02   2.4728755e-02   1.2900571e-01   1.3629144e-01   1.5518208e-02   7.5722457e-02   3.8862206e-02   2.9066171e-03   8.5983678e-02   3.7623527e-03   1.5039764e-01   8.7842339e-02   8.5018426e-02   2.9999031e-02   9.5084697e-03
   2.1403370e-02   1.1869320e-01   1.0240365e-02   8.0938118e-02   1.4395438e-01   5.7094220e-03   3.1830962e-02   2.2360221e-04   1.0210831e-01   7.1866784e-02   9.7344822e-02   4.9287768e-02   9.5717309e-02   1.3341191e-01   1.8328576e-02   1.0095874e-02   8.8452304e-03
   2.1503565e-02   1.2597930e-02   9.7826665e-03   2.7783294e-02   2.1741584e-02   1.5879221e-03   7.5120852e-02   1.7010657e-01   1.5552150e-02   1.2822615e-01   4.6618926e-02   1.3883928e-02   2.6210589e-02   1.8304875e-01   1.7435049e-01   6.6512833e-02   5.3717902e-03
   2.2754934e-02   8.8283013e-02   1.4011438e-02   3.2868959e-02   1.1188399e-02   3.7741155e-03   1.3493604e-04   1.9803930e-03   1.6196843e-01   7.3448046e-02   1.7275676e-01   3.3869085e-02   2.2571582e-02   1.8475745e-02   7.6508317e-02   1.2320562e-01   1.4220024e-01
   2.3502808e-02   6.6626760e-02   1.0015652e-01   9.5088685e-02   1.5076961e-01   1.3943526e-01   1.8019776e-03   1.0016374e-03   1.3309271e-02   1.0444905e-03   1.4184572e-01   5.5393007e-02   3.5001424e-02   1.5344188e-02   7.1779043e-04   3.1094439e-02   1.2786640e-01
   2.9956665e-02   5.4211063e-02   4.2514519e-02   1.7498751e-02   2.2901390e-02   1.1028336e-01   6.0854086e-03   3.9666971e-02   8.5809963e-02   2.4892212e-02   1.4884563e-01   1.5019878e-01   6.3529760e-02   6.9463329e-02   1.1753742e-02   1.1263137e-01   9.7570925e-03
   3.1396751e-02   1.3987872e-01   5.8491171e-02   4.3301361e-03   4.7274253e-02   1.8181982e-02   1.0421453e-01   6.1301609e-02   5.9965113e-02   3.6426730e-02   1.1553510e-01   2.4260879e-02   4.4987035e-02   5.7518860e-03   9.1008604e-02   3.8833143e-02   1.1816236e-01
   3.2421198e-02   3.1015460e-02   1.4595687e-01   5.7570428e-02   3.3808213e-02   8.5434540e-02   3.3040291e-02   4.7380954e-03   2.7836809e-02   9.2019817e-03   3.4468948e-02   3.6642993e-02   8.7183354e-02   1.8442759e-02   1.4296450e-01   1.4398126e-01   7.5292301e-02
   3.3646178e-02   2.4122151e-02   2.3007025e-03   6.1290450e-02   3.0821021e-02   1.7523267e-01   6.8398661e-02   9.0340384e-04   2.3670606e-03   1.6890325e-02   7.4919477e-02   1.7681952e-01   6.7744614e-02   1.5987055e-01   1.6932037e-02   4.2352187e-03   8.3505967e-02
   3.5080239e-02   2.6367025e-02   8.0371064e-02   2.3357312e-02   2.4084599e-03   4.5403292e-02   5.5683442e-02   4.7764373e-02   1.8570961e-01   3.5460076e-03   1.3656460e-01   2.7104086e-02   2.8307279e-02   1.7248901e-01   3.8002886e-03   1.1556388e-01   1.0480024e-02
   3.6206938e-02   5.7060378e-02   7.6098253e-03   2.1830780e-03   1.8007741e-01   1.0631187e-01   3.6827482e-02   2.4387326e-02   4.1935467e-02   1.9290523e-02   9.5029710e-02   5.5642677e-02   1.4108586e-02   9.6520554e-02   4.9059910e-02   1.3596876e-01   4.1779511e-02
   3.8133235e-02   6.4208790e-03   2.1205358e-03   3.4767498e-02   2.0218804e-03   1.2018158e-01   1.3171086e-02   1.0553850e-01   1.5213605e-01   1.1837490e-01   3.5774003e-02   4.4658905e-02   7.7765433e-03   1.5175493e-01   6.3509206e-02   3.3702374e-02   6.9957906e-02
   3.9486857e-02   2.8928705e-02   5.1535287e-02   8.2588264e-03   2.8867802e-03   1.4350973e-01   4.9244756e-04   8.4790093e-02   1.7561884e-02   2.4522087e-02   3.7437280e-03   2.4908245e-02   6.3089799e-03   1.0555162e-01   1.8090203e-01   1.4949442e-01   1.2711828e-01
   4.1163478e-02   1.5451827e-01   1.4449131e-01   3.9107814e-02   3.3246725e-03   2.5068447e-03   6.0177514e-02   8.6909690e-02   5.5250335e-03   1.6578178e-01   4.8411431e-02   1.8886879e-03   1.4236100e-02   5.4529128e-03   1.6280245e-01   4.3467123e-02   2.0234883e-02
   4.1696595e-02   8.4615977e-02   1.7485645e-01   3.4956344e-02   1.7663880e-02   2.3994555e-03   1.7619580e-02   1.7042142e-03   2.0562202e-02   8.1818362e-02   1.3727552e-02   1.0073781e-01   8.6678116e-02   3.3793038e-03   4.2699965e-03   1.8380372e-01   1.2951044e-01
   4.2898949e-02   1.7409659e-02   1.0407873e-01   6.0864098e-02   1.1384441e-02   2.2393763e-02   8.6165610e-03   2.2905257e-02   3.1522882e-02   5.7719568e-03   3.3410238e-02   2.7325203e-02   1.1713762e-02   1.8124240e-01   9.6100312e-02   1.3773821e-01   1.8462358e-01
   4.3031341e-02   6.1949042e-02   1.5292286e-01   1.4254434e-01   6.3131619e-02   2.3091511e-02   1.0591446e-01   8.9831303e-03   5.9630079e-02   1.2740225e-02   4.9388412e-03   5.6555027e-04   2.1580483e-02   1.1110209e-04   1.0411391e-02   1.7630739e-01   1.1214663e-01
   4.4811540e-02   2.5163331e-02   2.1176176e-03   3.1642646e-02   6.6397312e-02   1.2808644e-01   1.2518674e-01   6.9525423e-03   1.4060662e-02   4.9827167e-02   5.0509453e-02   7.0761969e-02   1.2631783e-01   4.7501103e-03   1.1021493e-01   1.3893066e-01   4.2690541e-03
   4.5224568e-02   1.4256432e-02   1.5929994e-01   9.4992847e-03   5.6418719e-02   1.4434277e-01   1.1730228e-01   6.9838256e-02   4.7592547e-02   2.9680671e-02   1.6102681e-01   4.5696916e-02   5.5685561e-03   7.6649833e-03   4.5523365e-02   2.7871020e-02   1.3192881e-02
   5.2252177e-02   1.6368500e-01   2.4621555e-02   1.6693177e-01   2.6157249e-04   2.0999235e-02   4.4027222e-03   9.1455159e-03   3.0286788e-04   3.0803652e-02   2.8352497e-02   8.7212331e-02   7.6074401e-03   6.7374453e-03   1.1808505e-01   1.3324404e-01   1.4535513e-01
   5.4808561e-02   2.4154637e-02   1.8244510e-01   3.1622487e-02   4.9834770e-04   1.0288743e-01   4.0937932e-02   3.9260859e-02   7.9439850e-03   1.3355273e-01   7.7343649e-02   2.9107658e-02   1.2468462e-01   1.3775372e-01   1.6679399e-03   5.8157359e-03   5.5146094e-03
   5.5675621e-02   8.8574703e-02   1.3269787e-02   1.3808876e-01   2.5821029e-02   1.5412503e-01   3.4692467e-02   1.7296472e-02   5.7116261e-03   4.4220650e-03   6.3583639e-02   1.0830243e-02   7.3385450e-02   1.4976467e-01   2.8304004e-02   1.2513175e-01   1.1322677e-02
   5.7704668e-02   9.0202875e-02   2.9580888e-02   1.5430305e-01   3.2146925e-02   6.4938739e-03   1.0329900e-02   6.9039183e-02   2.4659778e-02   7.9129865e-04   1.1863211e-01   6.6293403e-02   9.5193828e-02   6.9303435e-02   3.1821229e-02   6.9729728e-04   1.4280626e-01
   5.9154488e-02   7.2168411e-02   2.4194814e-02   5.2866432e-02   1.4212322e-01   3.7084804e-03   1.3797665e-01   1.3604113e-01   6.3349729e-03   8.5980114e-03   1.3091803e-03   1.2060206e-02   2.7690795e-02   9.4640199e-02   8.0172978e-02   1.8660413e-02   1.2229962e-01
   6.0962571e-02   8.2473701e-02   8.8018871e-02   1.6214469e-02   9.4931482e-02   3.9016970e-02   4.7410694e-02   2.1168363e-02   1.0944249e-02   1.5544548e-01   6.2619960e-02   1.8122745e-01   8.0377490e-02   6.0663994e-03   4.7470517e-02   5.0308759e-03   6.2045399e-04
   6.2619462e-02   1.2003090e-02   1.8530711e-02   2.4432545e-02   4.4188235e-02   5.7975070e-02   3.0822175e-03   1.5705505e-01   8.2459545e-02   1.5637884e-01   1.5892701e-01   3.2783498e-02   1.2450890e-01   4.5445305e-03   2.3190350e-02   3.3879669e-02   3.4412737e-03
   7.0656364e-02   4.5853748e-03   1.4327223e-01   7.5184134e-02   1.4577405e-01   8.2415274e-02   1.2242226e-01   9.1420331e-02   1.1188217e-01   3.3971225e-02   4.9904569e-04   6.4005404e-02   5.9180040e-03   1.9217771e-02   1.6642449e-02   9.6042583e-03   2.5296562e-03
   7.1515212e-02   1.1922631e-02   1.1441347e-02   1.9571654e-02   3.3259908e-02   1.8943646e-02   1.2664634e-01   3.9227689e-02   9.9125479e-02   1.0554188e-01   1.3239413e-01   1.2105597e-02   4.5053104e-02   1.4096135e-03   5.9325302e-02   1.7086654e-01   4.1649921e-02
   7.4741981e-02   8.3236852e-02   3.3185345e-02   8.6454203e-02   1.0613854e-01   1.5885274e-01   1.2319532e-01   9.2874517e-03   4.6278290e-02   7.7078260e-03   1.6759677e-02   7.3809782e-02   6.1089487e-02   7.6871072e-02   6.9069603e-03   9.9014014e-03   2.5583075e-02
   8.1772847e-02   4.3180928e-03   1.1588556e-02   3.0573656e-02   1.9945512e-02   3.3278650e-02   1.5738718e-01   1.9754309e-01   1.0255928e-02   5.8682381e-03   7.6162751e-02   4.7002575e-02   2.2911987e-02   9.5939238e-02   9.9177939e-03   2.9682110e-03   1.9256570e-01
   8.2299373e-02   9.7928481e-02   1.0707001e-01   8.1773858e-03   1.1859711e-01   1.8327622e-02   1.0235438e-01   7.0548104e-03   1.3678572e-02   2.9664566e-02   1.2980824e-01   1.2865066e-01   8.2854135e-03   1.3515986e-01   7.7095483e-03   3.9375972e-03   1.2963677e-03
   9.1460011e-02   1.9968863e-02   1.0078605e-01   3.4965387e-02   7.5159342e-03   1.5370784e-01   2.2709987e-03   1.1508708e-01   1.3327540e-01   9.1179380e-02   2.5085911e-04   4.0359324e-03   6.6961428e-02   2.6780061e-02   1.3413731e-01   1.2992399e-02   4.6250650e-03
   9.5518704e-02   2.5912143e-02   4.6744423e-02   4.8321831e-03   4.6787115e-03   2.5012596e-03   1.2403625e-02   1.1742003e-01   7.1440372e-02   1.2699350e-01   1.7916129e-02   1.3343993e-01   1.0290333e-01   2.5221047e-02   1.2481019e-01   4.5725913e-03   8.2691842e-02
   9.6672007e-02   7.4500565e-02   1.4095393e-01   1.4992030e-01   3.3690414e-03   1.4237093e-01   3.7175696e-02   5.6911908e-02   4.7169268e-03   3.3710163e-02   8.4410498e-02   6.5431775e-02   2.1886269e-02   1.3247380e-02   5.3822145e-02   1.3047029e-02   7.8534431e-03
   1.0602325e-01   9.1315043e-03   7.7512129e-03   1.5256794e-01   1.4937610e-01   1.9924265e-02   4.3164068e-03   9.2929785e-02   9.6385090e-02   4.0635295e-02   1.7389244e-02   1.1221867e-03   9.4493984e-02   3.4159247e-02   1.8189802e-02   1.1965545e-01   3.5949230e-02
   1.0949287e-01   1.5851356e-01   2.1970415e-02   1.6595930e-01   6.1341369e-02   3.4515019e-03   4.0635999e-02   2.3063230e-03   4.2219988e-03   3.7034397e-02   5.0355834e-03   1.2115250e-01   3.7244325e-02   1.4803361e-01   9.4321071e-03   7.3723331e-02   4.5081483e-04
   1.1166401e-01   1.8933872e-02   2.1885234e-02   2.1284908e-03   3.0118458e-02   1.1346766e-01   1.3420530e-02   5.5439312e-02   4.0478173e-02   7.2302165e-02   1.7510696e-05   8.9109727e-02   4.0945951e-02   4.7102786e-02   2.1532820e-02   1.6132119e-01   1.6013211e-01
   1.1539939e-01   3.1103377e-03   1.2819803e-01   9.7216650e-03   2.6836653e-02   7.7995933e-02   1.3266748e-01   1.2955693e-01   1.1022161e-02   2.7868111e-02   1.2997910e-02   7.9586850e-02   7.6154185e-03   1.0129059e-01   8.6332610e-03   1.1290987e-01   1.4589404e-02
   1.1575401e-01   5.4601406e-02   7.0052613e-02   2.3481635e-02   1.4345076e-01   4.2735139e-02   3.3178021e-02   1.2304777e-02   1.3518056e-01   5.1269961e-02   7.8703389e-03   1.4526093e-02   3.4527532e-02   1.0387929e-03   3.9939412e-02   8.8943656e-02   1.3114530e-01
   1.1582008e-01   9.0050873e-03   2.9861420e-02   9.5490976e-02   9.9434801e-02   1.3484739e-01   3.9869608e-02   2.6014575e-02   9.5243534e-02   1.7199338e-02   1.2911580e-01   2.0380227e-02   3.3036959e-02   1.2508380e-02   5.2114819e-02   8.1427552e-02   8.6294542e-03
   1.1719972e-01   1.3219547e-01   8.5117534e-02   2.4826586e-02   1.3572913e-03   3.6429679e-02   1.3597649e-03   9.6057410e-02   8.0727680e-02   1.3153409e-01   5.8940965e-02   5.8302959e-03   1.6050276e-02   2.6478701e-02   2.0689245e-02   4.1305709e-02   1.2389959e-01
   1.1826014e-01   9.3389104e-03   1.7548288e-02   4.0109285e-03   8.9985550e-02   9.7555185e-02   3.3634699e-04   1.5249156e-01   1.1563867e-01   1.3194589e-02   1.2674168e-02   1.2310035e-01   9.4148177e-02   4.1234864e-02   1.3972455e-02   7.0008698e-02   2.6501114e-02
   1.2111945e-01   7.6142243e-03   1.4565030e-02   2.7122077e-02   3.0190026e-02   1.6356594e-02   1.8882279e-02   2.3419590e-02   5.8005550e-03   2.7733685e-02   1.2613840e-01   4.9031097e-02   9.2287546e-02   1.4771320e-01   2.0907127e-02   1.3848282e-01   1.3263630e-01
   1.2714350e-01   9.3359891e-03   3.8153083e-02   2.6065177e-02   1.5202328e-04   2.2825531e-02   1.6465248e-01   3.2128348e-03   7.4935865e-02   6.3664935e-02   1.3044893e-01   1.1346632e-01   1.2227919e-02   2.1246404e-02   1.5745786e-02   3.7653428e-02   1.3906978e-01
   1.2829934e-01   7.7666124e-02   4.0955125e-03   1.1367308e-01   1.2594584e-01   2.6357668e-02   4.6801785e-02   1.1919748e-01   1.0098355e-02   2.1366106e-02   6.9231550e-02   4.2678075e-02   4.7896280e-02   1.1696277e-01   4.2448215e-02   7.2469921e-03   3.4830381e-05
   1.2959219e-01   6.7259757e-02   5.7232617e-03   4.9662090e-02   5.2602863e-03   1.7012227e-01   6.3544105e-02   2.3756979e-02   1.6162545e-03   1.1849677e-01   1.1544766e-01   1.4716708e-01   7.5357752e-03   5.7120052e-03   5.0462007e-02   2.8794086e-03   3.5762101e-02
   1.3034035e-01   1.3031897e-02   8.1601772e-02   1.5950691e-03   1.0479495e-01   1.1210231e-02   2.4291691e-02   8.1381259e-03   9.9449851e-03   6.1624350e-02   1.7634586e-01   5.8218091e-03   3.1955851e-02   1.5799406e-01   1.4393596e-01   3.7336093e-02   3.6946321e-05
   1.3142910e-01   1.1694893e-01   2.1075881e-02   1.5943696e-01   8.8021938e-03   1.3615369e-02   5.6796203e-02   9.7190042e-02   1.6533624e-02   2.1905265e-04   1.3121679e-02   1.2379398e-01   3.3690200e-02   5.9148584e-03   1.5550775e-01   1.1072410e-02   3.4851772e-02
   1.3323217e-01   8.7512436e-02   1.3580805e-01   1.3253560e-02   2.7001621e-02   2.3002107e-02   2.2364709e-02   1.2171652e-01   1.2844930e-02   3.1035626e-02   1.3898451e-01   3.1894193e-02   1.4654517e-01   2.6882104e-03   1.4518741e-02   2.2143592e-02   3.5453850e-02
   1.3565561e-01   6.7345201e-02   1.0751002e-02   3.5258519e-02   1.4642663e-01   5.9554453e-03   7.9627979e-02   1.3748727e-01   1.4264044e-01   1.0489981e-01   1.1197054e-02   1.1014871e-02   3.4849233e-04   2.3458858e-02   5.7080234e-02   5.2208953e-03   2.5631682e-02
   1.3806273e-01   7.8564633e-02   8.0056594e-02   1.5833246e-02   2.3006415e-02   3.5808900e-02   9.0466142e-02   7.4675995e-03   4.6247964e-02   4.6742759e-02   1.4759133e-02   8.4554962e-03   1.7560824e-02   1.3052005e-01   1.3615619e-01   1.2270977e-01   7.5815596e-03
   1.4532169e-01   5.0651616e-02   1.3221450e-02   8.0011171e-03   1.2348088e-01   1.7096082e-02   4.5134700e-02   4.8547648e-02   1.0605191e-01   1.3371472e-02   1.5139128e-01   3.5927922e-02   1.2016436e-01   2.9950582e-02   1.9089291e-02   3.3336697e-03   6.9264337e-02
   1.4928142e-01   1.1658867e-02   2.5470579e-02   3.1473861e-02   4.5386296e-02   1.9349717e-02   9.7413171e-03   8.5486232e-02   1.3827475e-02   1.6799353e-01   1.6299018e-01   1.4691029e-01   2.7923364e-02   7.1560792e-02   6.9024093e-03   1.4882695e-02   9.1609784e-03
   1.5673962e-01   7.0443686e-03   1.3492504e-02   4.0253759e-02   8.6888641e-04   1.5467333e-02   3.5629229e-02   9.7835036e-02   5.9829738e-02   1.4155702e-01   3.4379213e-02   3.0374544e-03   3.3487315e-02   1.4434058e-01   1.3095863e-01   2.3910131e-04   8.4840217e-02
   1.5693272e-01   2.0033719e-02   5.2312702e-02   8.6442214e-04   1.2377693e-01   5.0528759e-03   1.7805170e-01   1.8984132e-02   3.3359680e-02   7.9980595e-02   1.5159042e-01   5.7734304e-03   5.9224305e-02   1.2001634e-02   7.4691497e-02   2.5833203e-02   1.5360370e-03
   1.6693350e-01   1.0923439e-01   1.3932210e-01   1.1765184e-01   5.4244301e-02   1.9683077e-02   8.6144871e-02   1.2796444e-02   1.1695608e-01   3.0850276e-03   3.6083620e-02   5.4559773e-02   4.3374490e-03   7.7355726e-03   4.3953493e-02   1.3127131e-02   1.4151331e-02
   1.6798369e-01   2.1170662e-02   1.1797790e-01   1.3962536e-01   1.3965629e-01   1.3187251e-02   1.9568243e-02   2.8331563e-02   1.5244744e-02   1.0229299e-01   7.0130508e-02   6.4689986e-02   5.7961804e-02   9.8105839e-03   5.4867502e-03   1.6517617e-02   1.0364058e-02
   1.7219865e-01   2.4108303e-02   9.6545690e-02   4.5017898e-02   8.6920148e-02   9.3407056e-02   3.4784380e-03   7.4381686e-04   3.5288419e-02   9.0226975e-03   4.9466804e-03   1.4345771e-03   4.7621831e-02   6.2256116e-02   1.7600519e-01   9.3124695e-03   1.3169203e-01
   1.8149338e-01   4.9282796e-04   1.3855657e-01   8.3965438e-02   1.0172431e-02   5.6114519e-02   4.0838346e-02   1.0685613e-01   8.4224984e-03   1.6102084e-01   6.7321086e-03   6.0245639e-02   1.6915819e-02   8.2446391e-02   2.8946851e-02   1.1235147e-02   5.5450570e-03
   1.0000000e+00   0.0000000e+00   0.0000000e+00   0.0000000e+00   0.0000000e+00   0.0000000e+00   0.0000000e+00   0.0000000e+00   0.0000000e+00   0.0000000e+00   0.0000000e+00   0.0000000e+00   0.0000000e+00   0.0000000e+00   0.0000000e+00   0.0000000e+00   0.0000000e+00
