   0.0000000e+00   0.0000000e+00   0.0000000e+00   0.0000000e+00   0.0000000e+00   1.0000000e+00
   0.0000000e+00   0.0000000e+00   0.0000000e+00   0.0000000e+00   1.0000000e+00   0.0000000e+00
   0.0000000e+00   0.0000000e+00   0.0000000e+00   1.0000000e+00   0.0000000e+00   0.0000000e+00
   0.0000000e+00   0.0000000e+00   1.0000000e+00   0.0000000e+00   0.0000000e+00   0.0000000e+00
   0.0000000e+00   1.0000000e+00   0.0000000e+00   0.0000000e+00   0.0000000e+00   0.0000000e+00
   3.8317516e-04   4.5421931e-01   4.6371104e-03   4.7538405e-01   4.2409517e-03   6.1135406e-02
   5.2475739e-04   5.9923427e-01   9.1994166e-03   2.3442645e-01   1.2249675e-01   3.4118361e-02
   5.5468708e-04   2.3108191e-01   2.4485322e-01   1.1625497e-01   3.3083384e-01   7.6421379e-02
   6.6853515e-04   1.6511281e-03   2.6568707e-01   2.0979765e-02   6.1451056e-01   9.6502939e-02
   7.6528724e-04   2.2887390e-01   9.2056076e-04   3.2030580e-01   4.0771989e-01   4.1414553e-02
   8.4177894e-04   8.1347602e-02   7.0338202e-01   1.1149985e-01   9.0909642e-04   1.0201965e-01
   1.5104159e-03   5.6456904e-01   1.3505975e-01   1.8198943e-02   2.1346522e-01   6.7196631e-02
   1.8403813e-03   2.7541657e-02   4.1702175e-01   5.3876642e-01   1.1831532e-02   2.9982615e-03
   3.0994696e-03   7.3071310e-02   5.1206708e-01   2.8848679e-01   1.1038442e-02   1.1223691e-01
   5.1234062e-03   2.6161992e-01   8.8781199e-02   1.2740546e-01   5.0073749e-01   1.6332521e-02
   6.2581261e-03   2.2522450e-01   2.4768591e-01   7.1540411e-03   2.5998548e-01   2.5369194e-01
   6.5892812e-03   4.9806871e-02   1.5036348e-02   4.3685936e-01   9.3624294e-03   4.8234571e-01
   7.5995037e-03   2.0804768e-01   4.8437086e-02   6.6862196e-01   5.8310908e-02   8.9828601e-03
   7.8978190e-03   1.5374471e-02   9.6960071e-02   5.5399093e-02   2.8770980e-01   5.3665874e-01
   8.7193187e-03   2.9904591e-01   7.9940629e-02   2.3058611e-01   1.6360572e-01   2.1810230e-01
   8.9483777e-03   5.6848139e-02   1.9624486e-01   4.7844830e-01   6.1344179e-02   1.9816614e-01
   1.1512310e-02   3.1908158e-01   2.7094010e-01   1.0342458e-01   1.2322851e-02   2.8271858e-01
   1.2862731e-02   4.2163763e-03   5.2140684e-01   2.7096298e-03   4.1720215e-01   4.1602269e-02
   1.3821705e-02   3.7465212e-02   1.4472248e-02   3.3751189e-01   3.8987900e-01   2.0684995e-01
   1.4882929e-02   4.5583848e-03   7.9969563e-02   1.4471316e-01   5.6804520e-01   1.8783077e-01
   1.5212232e-02   3.8369751e-01   7.8483608e-02   3.5314568e-02   1.9580236e-01   2.9148972e-01
   1.7475835e-02   1.8158187e-02   3.2679563e-01   1.7845277e-02   7.3558245e-02   5.4616683e-01
   2.2611288e-02   1.9342084e-01   3.8228418e-01   4.8521994e-03   2.5073582e-02   3.7175791e-01
   2.3878693e-02   4.0971147e-03   2.2765775e-01   2.3063336e-01   3.2275167e-01   1.9098142e-01
   2.3956776e-02   4.5639912e-02   5.5829874e-02   3.7647176e-01   4.9116480e-01   6.9368714e-03
   2.7289529e-02   2.5254653e-01   8.3960252e-03   6.4733697e-02   3.8445403e-01   2.6258018e-01
   2.7822735e-02   3.0544980e-01   2.6053308e-01   2.3252272e-01   1.5653931e-01   1.7132361e-02
   2.9802754e-02   1.8927968e-01   2.2889433e-02   5.6636746e-02   1.7393506e-01   5.2745633e-01
   3.4221902e-02   4.7910663e-02   2.5216138e-02   2.2658501e-01   3.2420749e-03   6.6282421e-01
   3.4913264e-02   2.1752384e-01   1.6760191e-01   8.4861373e-02   2.2896474e-02   4.7220313e-01
   3.7712739e-02   2.2440775e-01   6.8593335e-02   1.0506333e-02   6.0266835e-03   6.5275316e-01
   3.7930646e-02   2.5041371e-01   2.4537212e-01   3.3462701e-01   1.8857726e-02   1.1279879e-01
   4.0042711e-02   6.5369020e-02   1.6378552e-01   1.7994360e-01   5.3905083e-01   1.1808311e-02
   4.0045684e-02   7.7908452e-03   3.7464008e-01   1.9547298e-01   3.7298849e-01   9.0619216e-03
   4.1389221e-02   3.8166249e-02   1.9244817e-01   4.2896339e-01   2.7576595e-01   2.3267014e-02
   4.1982710e-02   2.8372991e-04   1.0747795e-01   7.6535669e-01   8.3772454e-02   1.1264627e-03
   5.2384482e-02   4.5929364e-01   4.5826782e-01   2.8122015e-03   6.3757427e-03   2.0866116e-02
   6.5755307e-02   2.7023951e-01   4.3841104e-01   3.5036627e-02   7.8872591e-02   1.1168493e-01
   7.3427992e-02   4.9747652e-01   2.3405961e-01   1.7826839e-01   3.7587211e-03   1.3008764e-02
   7.3544818e-02   4.9053221e-01   5.4877177e-03   1.2437645e-01   2.9427017e-01   1.1788631e-02
   7.4674383e-02   1.0627466e-01   2.1288152e-01   2.0139503e-01   3.0983980e-02   3.7379043e-01
   8.1292116e-02   9.1844695e-02   4.6497183e-02   1.1884646e-01   2.9727662e-01   3.6424293e-01
   9.2136616e-02   7.7799841e-01   3.1771247e-02   6.7513900e-03   4.9642573e-02   4.1699762e-02
   9.2422847e-02   1.9194417e-01   6.7453010e-03   3.9065035e-01   7.6058681e-02   2.4217865e-01
   9.2424320e-02   3.9143284e-01   9.7046233e-02   6.1698698e-04   4.0382489e-01   1.4654723e-02
   9.3653886e-02   3.0665032e-01   2.5969093e-02   4.0201465e-01   1.5695328e-01   1.4758769e-02
   9.4257426e-02   5.5445545e-03   7.1326733e-01   8.7128713e-03   1.4257426e-01   3.5643564e-02
   9.9223248e-02   2.4227050e-01   6.8001760e-03   2.2394749e-01   1.9161589e-02   4.0859700e-01
   1.0429018e-01   3.4639853e-02   1.5912942e-03   4.1579097e-01   1.9003694e-01   2.5365077e-01
   1.0504623e-01   1.3987432e-01   4.7953232e-01   1.8602667e-02   2.3393422e-01   2.3010239e-02
   1.2550848e-01   3.5953766e-02   3.8955475e-02   5.9623603e-01   1.9731245e-01   6.0337973e-03
   1.3217504e-01   1.9827405e-02   3.2591490e-01   2.9564450e-02   2.9056519e-01   2.0195301e-01
   1.4170828e-01   5.9363215e-01   1.6381196e-02   1.3474078e-01   3.6385129e-02   7.7152462e-02
   1.4396271e-01   5.2297818e-01   9.4107028e-02   7.3211838e-04   1.9874348e-03   2.3623253e-01
   1.4661249e-01   4.3936032e-01   3.0258028e-02   2.5593029e-01   3.4241239e-02   9.3597630e-02
   1.4764922e-01   2.5023849e-01   1.0702543e-01   7.6473517e-02   1.0906264e-01   3.0955071e-01
   1.4956846e-01   2.8941240e-01   1.6445392e-02   2.4749200e-01   2.7849550e-01   1.8586243e-02
   1.5484412e-01   1.8069513e-01   1.6095780e-01   2.9310442e-01   2.0328231e-01   7.1162265e-03
   1.5892789e-01   1.5101826e-01   2.0543132e-01   2.4592810e-02   4.5578170e-01   4.2480326e-03
   1.6225066e-01   1.3661741e-01   4.9627179e-03   5.4436642e-01   7.3043270e-03   1.4449846e-01
   1.6544072e-01   8.4646635e-03   6.2699213e-02   3.8642785e-02   6.2162344e-01   1.0312918e-01
   1.6706852e-01   8.3869350e-03   3.9306472e-01   4.4774823e-04   3.8870604e-01   4.2326038e-02
   1.8567549e-01   1.5951039e-04   3.3686288e-01   7.9294478e-02   7.1287300e-03   3.9087891e-01
   1.9236356e-01   6.4061608e-03   1.2058074e-02   3.9040985e-01   3.5736892e-01   4.1393424e-02
   2.0151897e-01   2.1329762e-01   1.6537708e-01   3.7812096e-01   1.3774149e-02   2.7911218e-02
   2.1320059e-01   3.1797819e-01   2.8717146e-01   2.2448387e-04   9.4860371e-02   8.6564901e-02
   2.3340569e-01   2.1299605e-02   2.7014284e-01   2.5312518e-01   1.0266260e-03   2.2100006e-01
   2.4341927e-01   1.0720097e-02   5.0532505e-01   2.2248920e-01   1.6969566e-02   1.0768047e-03
   2.4949447e-01   8.8335691e-02   1.1839650e-01   3.4926468e-03   2.4959989e-01   2.9068080e-01
   2.5450506e-01   2.4433521e-01   2.3316666e-01   1.4620030e-03   2.6404592e-01   2.4851439e-03
   2.5660744e-01   6.4680148e-02   1.4891036e-01   8.2763529e-03   8.3528654e-02   4.3799704e-01
   2.7630923e-01   1.9441246e-01   7.0029670e-04   2.1162724e-01   1.3414323e-02   3.0353645e-01
   2.9620523e-01   2.7037368e-01   4.5515883e-03   3.1327899e-01   8.7898096e-02   2.7692423e-02
   2.9663502e-01   1.6813645e-02   2.6896898e-02   1.5598151e-01   1.3992542e-01   3.6374751e-01
   3.0653487e-01   2.3094953e-01   2.4337778e-02   8.3507251e-02   1.6035221e-01   1.9431835e-01
   3.1599496e-01   1.6709115e-01   2.4486138e-01   1.9250182e-02   1.1713836e-03   2.5163095e-01
   3.2134658e-01   3.9398957e-01   2.1157007e-02   2.7604570e-02   1.6517705e-01   7.0725231e-02
   3.3716214e-01   5.9646495e-03   1.9549329e-02   3.8509993e-01   2.2262510e-01   2.9598850e-02
   3.3895732e-01   5.2773786e-02   3.6308991e-01   3.7211307e-02   6.4748785e-02   1.4321889e-01
   3.4683988e-01   1.1017031e-02   1.8950224e-01   1.4509174e-01   2.2879776e-01   7.8751342e-02
   3.5173960e-01   2.4814385e-02   1.5490421e-02   1.4948470e-01   2.9432360e-01   1.6414730e-01
   3.6481585e-01   4.6014745e-02   2.3106514e-02   7.0124917e-03   2.5124503e-02   5.3392590e-01
   3.9514116e-01   5.1827368e-01   2.5295609e-02   3.2499240e-03   4.1575990e-02   1.6463635e-02
   3.9948242e-01   2.5261837e-01   2.4522881e-01   8.9373295e-02   2.2114077e-03   1.1085702e-02
   4.0431572e-01   1.1967393e-02   1.5373801e-01   2.7980570e-03   3.5758756e-01   6.9593265e-02
   4.3168584e-01   3.1644224e-02   4.2479159e-02   3.1516638e-01   1.0950738e-02   1.6807365e-01
   4.4194097e-01   1.3933398e-01   1.9036298e-01   1.8131244e-02   1.4481569e-01   6.5415141e-02
   5.0992515e-01   1.9262549e-03   4.5181537e-01   1.2646424e-02   2.8241648e-03   2.0862631e-02
   5.2829676e-01   4.1916889e-02   2.9282374e-02   1.5335530e-01   1.8559402e-01   6.1554658e-02
   5.3527251e-01   1.3951145e-01   1.2216823e-02   3.5315791e-02   5.9084134e-03   2.7177502e-01
   5.4749283e-01   2.7418615e-01   4.3277674e-02   1.0375435e-01   2.3115221e-02   8.1737799e-03
   6.0162011e-01   5.8788965e-02   2.5244806e-01   7.1135917e-02   1.3295448e-03   1.4677403e-02
   6.9021944e-01   4.5946537e-04   7.7831755e-02   2.1053059e-02   2.0636654e-01   4.0697347e-03
   7.2690325e-01   6.0710398e-02   2.8390150e-02   1.7133281e-03   5.1749286e-02   1.3053359e-01
   1.0000000e+00   0.0000000e+00   0.0000000e+00   0.0000000e+00   0.0000000e+00   0.0000000e+00
