   0.0000000e+00   0.0000000e+00   0.0000000e+00   0.0000000e+00   0.0000000e+00   0.0000000e+00   0.0000000e+00   0.0000000e+00   0.0000000e+00   0.0000000e+00   1.0000000e+00
   0.0000000e+00   0.0000000e+00   0.0000000e+00   0.0000000e+00   0.0000000e+00   0.0000000e+00   0.0000000e+00   0.0000000e+00   0.0000000e+00   1.0000000e+00   0.0000000e+00
   0.0000000e+00   0.0000000e+00   0.0000000e+00   0.0000000e+00   0.0000000e+00   0.0000000e+00   0.0000000e+00   0.0000000e+00   1.0000000e+00   0.0000000e+00   0.0000000e+00
   0.0000000e+00   0.0000000e+00   0.0000000e+00   0.0000000e+00   0.0000000e+00   0.0000000e+00   0.0000000e+00   1.0000000e+00   0.0000000e+00   0.0000000e+00   0.0000000e+00
   0.0000000e+00   0.0000000e+00   0.0000000e+00   0.0000000e+00   0.0000000e+00   0.0000000e+00   1.0000000e+00   0.0000000e+00   0.0000000e+00   0.0000000e+00   0.0000000e+00
   0.0000000e+00   0.0000000e+00   0.0000000e+00   0.0000000e+00   0.0000000e+00   1.0000000e+00   0.0000000e+00   0.0000000e+00   0.0000000e+00   0.0000000e+00   0.0000000e+00
   0.0000000e+00   0.0000000e+00   0.0000000e+00   0.0000000e+00   1.0000000e+00   0.0000000e+00   0.0000000e+00   0.0000000e+00   0.0000000e+00   0.0000000e+00   0.0000000e+00
   0.0000000e+00   0.0000000e+00   0.0000000e+00   1.0000000e+00   0.0000000e+00   0.0000000e+00   0.0000000e+00   0.0000000e+00   0.0000000e+00   0.0000000e+00   0.0000000e+00
   0.0000000e+00   0.0000000e+00   1.0000000e+00   0.0000000e+00   0.0000000e+00   0.0000000e+00   0.0000000e+00   0.0000000e+00   0.0000000e+00   0.0000000e+00   0.0000000e+00
   0.0000000e+00   1.0000000e+00   0.0000000e+00   0.0000000e+00   0.0000000e+00   0.0000000e+00   0.0000000e+00   0.0000000e+00   0.0000000e+00   0.0000000e+00   0.0000000e+00
   2.7731843e-05   1.1310615e-02   1.7040420e-01   1.0845775e-01   4.6664436e-02   2.3200127e-01   2.2176442e-01   8.5991856e-02   6.0533609e-03   9.0893137e-02   2.6431222e-02
   4.2678165e-05   1.9155034e-01   1.3502349e-02   1.6261431e-01   1.5024757e-01   4.0808195e-02   6.4206866e-02   4.3059190e-03   1.7969970e-01   2.0132721e-02   1.7288936e-01
   1.6703347e-04   3.1699275e-01   5.6140882e-02   3.3453974e-02   9.6262148e-02   6.7087850e-02   1.0563956e-02   3.1822426e-03   5.6836904e-02   3.0036223e-01   5.8950028e-02
   9.0776114e-04   1.5144863e-02   1.9016538e-01   3.4945093e-02   1.2226372e-02   7.4918585e-02   2.7959343e-01   1.7550917e-01   1.2877338e-01   1.6518950e-02   7.1297018e-02
   1.0340950e-03   1.6277378e-01   1.6522576e-01   3.1732050e-02   2.0905025e-01   6.5678302e-02   1.5829383e-02   1.9185529e-01   1.3684437e-01   6.5599906e-03   1.3416734e-02
   1.0567470e-03   5.6364430e-02   5.4557916e-02   1.3425455e-02   2.6808984e-02   8.1606539e-02   3.0326983e-02   1.4518118e-01   3.5134957e-03   2.9000751e-01   2.9715076e-01
   1.4413781e-03   5.4676538e-02   4.4794649e-02   6.5971074e-02   4.4605453e-03   1.4078836e-01   1.6091905e-01   4.5348137e-02   2.0972797e-01   1.6396128e-01   1.0791102e-01
   1.5033834e-03   2.4882096e-01   4.9928063e-02   3.1587150e-02   3.4774101e-02   1.6177742e-01   1.2014936e-01   1.2702509e-01   7.5212170e-02   3.4954566e-02   1.1426773e-01
   1.5089942e-03   2.0561101e-01   2.3006238e-01   9.7548687e-02   1.4109264e-02   2.2922492e-01   4.4913715e-02   7.8561407e-02   6.2725518e-03   5.3790279e-02   3.8396790e-02
   1.8078671e-03   8.9053875e-02   3.1242290e-01   1.4808864e-01   7.1306993e-02   1.7737666e-02   9.5843612e-03   1.1804184e-02   1.6374121e-01   1.0468688e-01   6.9765419e-02
   2.2219571e-03   1.8972867e-01   6.0729616e-02   1.5569686e-02   1.3782387e-01   2.1790867e-01   2.8029103e-02   8.4066792e-02   1.7616054e-01   8.6856710e-02   9.0438895e-04
   2.4393501e-03   1.0406481e-01   2.1130648e-01   1.9889261e-01   1.5558627e-02   1.9368326e-01   2.4828497e-03   3.8721637e-02   1.5416407e-01   1.0068033e-02   6.8618266e-02
   2.4633974e-03   4.9898326e-02   2.9500054e-02   1.2242653e-01   8.7296741e-03   1.1397566e-01   1.4204164e-02   3.1833349e-01   1.6680070e-01   1.0867818e-01   6.4989824e-02
   2.5770227e-03   1.6771645e-01   7.5312026e-02   4.2964596e-02   1.2533294e-01   2.2584897e-02   1.6166950e-01   1.8397322e-01   1.0379490e-01   6.9374126e-02   4.4700321e-02
   2.8871568e-03   1.2412034e-02   1.3043821e-01   4.1745464e-02   9.0696564e-02   1.2344017e-02   6.2740596e-02   2.7949301e-01   2.8101494e-01   4.7865781e-02   3.8362232e-02
   2.9665119e-03   1.4252443e-01   2.7847923e-02   2.1682633e-01   2.3555996e-01   2.0558193e-01   2.8790209e-03   1.1060034e-02   2.5880573e-02   1.2254995e-01   6.3233383e-03
   3.2114138e-03   1.9945712e-02   7.7138837e-02   1.8753065e-01   6.5881524e-03   1.4595354e-01   1.4069176e-02   1.8469304e-01   2.6055695e-01   3.9989651e-02   6.0322879e-02
   3.4883095e-03   1.8784273e-01   6.9573855e-02   3.0319679e-02   1.9026573e-01   1.5257056e-01   1.6459221e-01   1.4275300e-03   1.6716235e-01   2.0011528e-02   1.2745523e-02
   3.7344010e-03   1.8420266e-02   6.1030143e-02   2.9884280e-01   2.6429016e-01   1.6478306e-01   1.7835222e-02   1.0227038e-01   8.6511770e-03   2.4725601e-02   3.5416798e-02
   4.0771533e-03   1.4245157e-01   6.7761097e-02   1.9442270e-01   2.3133773e-03   5.1779656e-03   2.0092530e-01   1.9796408e-02   2.0168654e-01   1.5054406e-01   1.0843831e-02
   4.3025068e-03   1.1333151e-01   4.3812844e-04   2.4991368e-01   2.3067026e-01   2.1035932e-02   9.7945618e-02   3.1461814e-03   6.0168002e-02   3.0267997e-03   2.1602138e-01
   4.7709361e-03   2.9264940e-01   2.0751966e-01   2.0414363e-02   2.7466500e-01   3.3796441e-02   5.5249917e-02   3.4790119e-03   5.6748048e-03   6.4405511e-02   3.7374959e-02
   4.8178511e-03   2.0520016e-02   1.7830189e-01   7.2938769e-02   4.6454941e-02   7.6610548e-02   2.2495878e-01   1.1499088e-02   1.9382723e-02   1.2781423e-01   2.1670116e-01
   5.1745363e-03   2.7327927e-02   1.8333296e-01   1.0701355e-01   1.3593521e-01   4.4406668e-02   3.5022130e-02   1.5455344e-01   1.7064608e-01   1.1814728e-01   1.8440206e-02
   5.3137439e-03   2.1463989e-02   2.0966547e-03   2.2738507e-01   3.5976560e-02   1.9523011e-01   8.9227617e-02   1.5517104e-02   1.3127483e-01   8.4001301e-02   1.9251302e-01
   5.4256182e-03   1.6327942e-01   1.2670533e-01   9.7885830e-02   3.7622464e-04   2.2343021e-02   2.2383098e-02   1.0308984e-01   1.2331722e-01   1.6732773e-01   1.6786668e-01
   5.4787661e-03   1.1538153e-01   1.3965954e-02   6.4796557e-03   3.1358032e-02   2.1066766e-01   3.6278891e-02   9.5910564e-02   1.7020528e-01   2.1419270e-01   1.0008097e-01
   5.5128290e-03   9.2161492e-03   3.7041823e-02   6.0664804e-02   7.0478891e-02   2.2291693e-01   2.6693833e-01   2.9486024e-02   1.6557661e-01   1.1714415e-01   1.5023457e-02
   5.5347621e-03   1.2066470e-02   5.1360727e-02   1.0408608e-01   3.1000857e-01   1.1677756e-02   1.7731812e-01   1.0660926e-01   1.0893611e-02   1.6780963e-02   1.9366368e-01
   5.5554947e-03   2.1157646e-05   1.7767260e-01   3.2139681e-02   1.9339273e-01   6.0413199e-02   2.5094334e-01   7.5772909e-02   9.4229037e-02   1.0852530e-01   1.3345500e-03
   5.7305970e-03   1.8746691e-01   2.4278520e-02   1.3873500e-01   1.3109306e-01   3.0795663e-02   9.7180035e-02   8.2025157e-02   5.3169651e-03   4.2223506e-02   2.5515458e-01
   6.1516509e-03   1.2844096e-01   1.6931796e-01   2.1733413e-01   6.4253076e-03   1.5665990e-01   2.0884931e-01   4.3764369e-02   9.3051562e-03   8.9898562e-04   5.2852280e-02
   6.5554885e-03   4.3337593e-02   1.7821100e-01   1.1709611e-01   8.5669545e-03   2.8448143e-02   1.8710753e-01   1.3707345e-01   1.0598288e-01   1.7329081e-01   1.4330046e-02
   6.6550004e-03   6.7270339e-02   3.2831620e-02   2.5285372e-04   1.0070233e-01   1.0975053e-01   2.2266055e-01   4.4775974e-02   1.0123592e-01   2.9705281e-01   1.6812075e-02
   7.0081652e-03   9.8600475e-03   2.1185609e-03   1.3493609e-01   2.1771490e-01   3.7334765e-02   1.4999452e-01   1.7556121e-01   8.5233166e-02   1.3673486e-01   4.3503712e-02
   7.3686615e-03   9.4005379e-03   2.1913404e-02   5.0169075e-02   6.1143208e-02   2.2529171e-01   1.6334266e-01   1.7979334e-01   1.7802386e-01   2.0239301e-02   8.3314238e-02
   7.3873300e-03   2.4662884e-02   1.1113467e-02   2.2737958e-01   6.6204420e-02   4.1385093e-02   2.1188440e-01   2.1460927e-01   3.4098240e-02   2.2666651e-02   1.3860867e-01
   8.1224255e-03   1.6722840e-01   2.4207962e-02   1.2678098e-02   1.1414962e-01   2.2478011e-01   1.4367283e-01   5.3182827e-02   6.9958267e-03   1.9131023e-01   5.3671680e-02
   8.5921236e-03   1.3074516e-01   1.6963063e-02   1.1322309e-02   8.4967364e-04   8.5482049e-03   2.5004275e-01   1.2360978e-01   2.4634802e-01   1.4644536e-01   5.6533559e-02
   9.1484413e-03   1.6183665e-01   8.1551214e-02   1.9081963e-02   1.1029505e-03   1.8892124e-01   2.1739004e-05   1.4052469e-02   1.8865046e-01   1.2881922e-01   2.0681364e-01
   9.5988514e-03   1.3283005e-01   3.6303623e-02   3.5892530e-02   1.8478173e-01   9.7384577e-03   1.2064062e-01   1.2125804e-01   4.0944145e-02   2.9411167e-01   1.3900279e-02
   9.8100920e-03   5.7480205e-02   1.1673293e-01   2.6351247e-01   6.1034483e-02   1.4225166e-02   4.0211785e-02   7.2366337e-02   1.0607200e-01   7.8195960e-03   2.5073494e-01
   1.0047597e-02   1.4042919e-02   8.8402014e-02   2.0204011e-02   2.7705853e-01   1.5163168e-01   9.6585596e-02   2.0777503e-01   1.7637583e-02   6.1500732e-02   5.5114312e-02
   1.0458753e-02   1.3201103e-02   2.5033967e-01   2.6283025e-01   1.4915146e-01   5.2855216e-03   1.4517606e-02   1.2535414e-02   6.4882088e-02   1.4951342e-01   6.7284715e-02
   1.1574741e-02   1.4063997e-01   8.2070849e-04   3.8718220e-02   1.7844873e-01   6.9992358e-02   9.2851022e-02   6.0506918e-04   1.7008544e-01   1.7816268e-01   1.1810107e-01
   1.1895514e-02   2.8254383e-01   5.5253613e-03   8.2550697e-02   5.3774736e-02   4.6082311e-02   1.1091941e-01   2.5057232e-01   5.2548907e-02   9.7477233e-02   6.1096870e-03
   1.2239558e-02   2.4382984e-02   4.1049244e-02   5.7264218e-02   3.9477767e-01   1.2948972e-02   8.3473723e-02   1.2193025e-02   2.5006558e-01   3.0517824e-02   8.1087209e-02
   1.2285334e-02   2.9960868e-02   2.2332218e-01   1.5758056e-01   3.1593447e-02   1.0356589e-01   2.1899788e-01   2.3118703e-03   8.4830199e-02   1.0528928e-01   3.0262483e-02
   1.2290855e-02   1.6650761e-01   6.7772050e-03   1.6949043e-02   2.1009002e-01   1.7381460e-01   3.6603887e-02   2.0111755e-01   3.2448771e-02   1.2414225e-01   1.9258209e-02
   1.2406028e-02   1.1727702e-01   2.8024940e-01   2.4347726e-01   3.6159342e-02   5.6627044e-02   7.9992908e-02   5.9007713e-03   3.5276344e-02   3.2533703e-02   1.0010019e-01
   1.3565600e-02   1.7738295e-02   2.1566348e-01   2.6364028e-01   8.9016760e-02   3.4983982e-02   1.4938880e-02   1.8428692e-01   1.1133724e-02   8.3059525e-02   7.1972558e-02
   1.3673974e-02   1.2817308e-01   9.8276948e-02   2.2254474e-02   6.5939359e-03   6.0348615e-02   4.5286524e-02   2.8003323e-01   3.4464077e-02   2.7360610e-01   3.7289040e-02
   1.3785259e-02   6.9761163e-03   7.4808667e-02   1.9968585e-01   1.7341650e-01   1.8959188e-01   7.3800744e-03   8.0507278e-03   1.5819771e-01   1.5772448e-01   1.0382726e-02
   1.4440927e-02   4.1222553e-02   2.5615882e-01   8.1305743e-02   1.6574588e-01   2.8529962e-01   6.4609782e-02   2.4319324e-03   4.3139422e-02   2.3847217e-03   4.3260601e-02
   1.4549094e-02   1.9576750e-02   9.5806902e-02   2.7106194e-01   9.4547146e-02   2.3204348e-01   1.6535721e-01   2.8258033e-02   2.2526454e-02   5.2776052e-03   5.0995386e-02
   1.5178008e-02   1.6733604e-01   1.0464305e-01   4.6529293e-02   9.7695550e-02   6.7579136e-03   9.9856934e-03   2.1151740e-01   1.8343345e-01   1.5224660e-02   1.4169894e-01
   1.5384398e-02   1.5334775e-01   1.2373737e-01   2.4564087e-01   1.1775286e-03   3.3236013e-02   1.6610121e-01   5.7496764e-03   2.9037699e-02   2.0871899e-01   1.7868493e-02
   1.5422684e-02   2.6703221e-02   5.8110186e-02   1.1904864e-01   1.0135252e-01   1.5787957e-01   2.6467042e-01   7.8247930e-03   1.1583381e-02   6.0129911e-04   2.3680329e-01
   1.5493218e-02   1.1028838e-01   1.2143521e-01   4.2752882e-02   1.8800261e-01   2.5263419e-02   6.4097883e-02   1.4709676e-02   2.7540446e-02   1.9339103e-01   1.9702526e-01
   1.5797747e-02   7.6376521e-02   1.8303961e-02   1.8228957e-01   2.0238228e-01   2.3522433e-02   6.9166925e-02   2.0394069e-01   4.1561696e-02   6.5457465e-03   1.6011243e-01
   1.6174763e-02   1.9219681e-01   4.0471331e-03   3.3122491e-02   2.7771055e-02   2.2835779e-02   2.0325987e-01   2.3080652e-01   8.3953702e-02   2.1704314e-02   1.6412756e-01
   1.6703649e-02   8.3833643e-02   2.7910912e-03   1.2851093e-01   6.6844635e-02   1.8535748e-02   3.2532680e-03   5.0844508e-02   3.4429620e-01   8.3587688e-02   2.0079864e-01
   1.6836222e-02   9.2355232e-02   2.5278183e-02   1.2830695e-01   2.0290103e-01   8.9594732e-02   1.6750858e-01   2.1096161e-02   2.3209147e-02   2.3132826e-01   1.5855186e-03
   1.6859742e-02   4.5401121e-02   2.1822459e-01   9.0076260e-02   5.9596826e-03   6.2340350e-03   1.7714831e-01   4.1738253e-05   1.6570288e-01   6.9385915e-02   2.0496572e-01
   1.6981837e-02   1.3988528e-02   1.7157214e-02   6.5328892e-02   4.1724827e-02   1.4223447e-01   5.9009390e-02   1.0778419e-01   1.8323560e-01   1.1559757e-01   2.3695748e-01
   1.7084519e-02   3.7833164e-02   2.5886209e-01   1.1997357e-03   2.3130189e-01   1.7286943e-02   1.3701534e-01   2.4116789e-02   3.4387312e-02   2.3577541e-01   5.1367981e-03
   1.7162971e-02   5.7832054e-03   7.8663825e-02   5.7317225e-03   1.1026937e-01   4.8503846e-02   1.3360454e-01   1.3277057e-03   2.3581039e-01   1.0598880e-01   2.5715362e-01
   1.7784373e-02   2.3368758e-01   2.5990249e-02   9.7998777e-02   1.9929374e-01   1.2808585e-02   2.2534083e-01   2.1612631e-02   7.7271669e-02   7.4158513e-02   1.4053051e-02
   1.7967093e-02   1.4318436e-01   1.3351605e-01   1.4299457e-04   8.9759522e-02   2.8908527e-01   2.1537598e-02   2.0502292e-01   1.9151714e-02   6.9406582e-02   1.1225899e-02
   1.8926130e-02   1.3068652e-01   6.2947222e-02   1.6032289e-01   1.4358249e-01   1.3669022e-01   1.0094246e-02   6.4285317e-02   9.5475662e-04   1.3599068e-01   1.3551953e-01
   1.9204866e-02   2.4484270e-02   1.4161951e-02   1.4556745e-01   2.8874812e-01   2.3455387e-01   1.0188960e-01   1.2016065e-01   4.6316176e-02   2.0121906e-03   2.9008491e-03
   1.9250630e-02   1.7183552e-02   1.9794833e-02   2.0956894e-01   4.5009606e-02   8.6494069e-02   5.1853607e-02   2.1084153e-01   3.9184487e-02   1.3883643e-01   1.6198231e-01
   1.9731634e-02   6.3141170e-03   6.1606582e-02   3.1107864e-02   2.8274625e-01   2.4730200e-02   1.1314879e-01   6.1877861e-03   1.7669080e-01   1.2993238e-01   1.4780359e-01
   1.9761726e-02   2.2766939e-01   3.0050493e-02   2.2194325e-01   3.3096957e-02   1.3636828e-02   1.9396356e-01   2.9968037e-02   1.0962428e-01   4.4636846e-02   7.5648633e-02
   1.9968529e-02   1.6925270e-01   7.9728658e-02   2.1903925e-01   1.6984569e-01   7.8562572e-03   2.4943391e-01   4.9493335e-02   2.2155711e-03   2.9346587e-03   3.0231435e-02
   2.0217117e-02   1.1060105e-01   1.3039436e-01   3.3589427e-02   1.8958883e-01   2.4962740e-01   5.3486138e-03   6.1303092e-02   7.9600110e-03   6.3773143e-02   1.2759695e-01
   2.0408534e-02   1.8363739e-01   1.9849654e-01   1.2786332e-01   1.4333907e-01   4.4362384e-02   5.9843538e-02   3.2946015e-02   1.2825093e-01   3.1349751e-02   2.9502534e-02
   2.0506910e-02   2.4347432e-01   5.5969271e-02   7.9110123e-02   1.6306335e-01   2.5353430e-01   6.7466138e-02   2.3653470e-02   6.5586729e-03   1.1536517e-03   8.5509780e-02
   2.0802643e-02   2.4273458e-02   5.8275734e-03   2.3588829e-01   8.8813143e-02   1.0487024e-01   6.6769373e-04   1.7987963e-01   5.8478838e-02   2.6226903e-01   1.8229464e-02
   2.0853864e-02   1.7582260e-01   6.7250064e-02   1.0292406e-02   2.7114160e-01   2.5846750e-02   1.4088431e-01   2.3315963e-01   3.1146948e-02   5.9662419e-03   1.7635586e-02
   2.1056601e-02   1.2671101e-02   1.8949086e-03   2.5799537e-01   1.7740838e-01   1.0435808e-01   2.2380331e-01   2.0730176e-02   4.7516334e-04   1.3149028e-01   4.8116625e-02
   2.1118015e-02   3.3272938e-02   1.4513493e-01   1.7303425e-01   1.1823222e-01   2.1775075e-02   1.3267034e-01   2.7389408e-01   1.8045496e-02   2.2207895e-02   4.0614752e-02
   2.1510738e-02   2.4984129e-02   1.2148752e-01   3.6931170e-02   2.9445962e-03   3.9069715e-03   4.3464112e-02   1.6766686e-01   2.2151633e-01   1.5768295e-01   1.9790463e-01
   2.1762820e-02   2.8559505e-01   5.0716848e-02   5.0885582e-02   2.6353680e-01   5.1687973e-04   4.8232205e-03   3.3535830e-02   4.0556227e-02   1.6966733e-01   7.8403415e-02
   2.2332902e-02   1.0314954e-02   2.9104509e-01   1.8088642e-01   5.1038439e-04   1.6789365e-01   4.4886493e-02   2.1917346e-02   9.7011206e-02   1.4035696e-01   2.2844599e-02
   2.3132507e-02   1.6882655e-01   1.0448578e-01   2.6251222e-01   1.2641466e-02   2.2624229e-02   9.3668223e-02   4.2701140e-03   2.3441444e-02   7.0394276e-02   2.1400319e-01
   2.3339721e-02   1.2844547e-01   1.5299612e-01   4.4667477e-02   8.0144228e-03   1.4964400e-01   1.8417413e-03   1.5583955e-02   3.0638845e-01   2.6889784e-02   1.4218886e-01
   2.3591684e-02   7.6829656e-02   4.4882774e-02   2.8822373e-01   1.6779448e-03   2.5589639e-01   1.0833574e-02   1.6434163e-01   9.1871540e-02   2.9385430e-02   1.2465648e-02
   2.3641217e-02   2.9729550e-02   2.3564921e-01   3.4763896e-02   3.9720723e-02   2.5487134e-01   1.4831959e-02   5.8109299e-02   2.5280496e-01   1.9910091e-02   3.5967758e-02
   2.5600547e-02   1.9133354e-02   1.4279404e-01   2.5508449e-02   5.8369761e-02   1.9885380e-01   9.8086420e-02   6.8689154e-02   1.3928152e-01   2.1192541e-02   2.0249041e-01
   2.5638260e-02   1.5039807e-01   1.3414693e-01   2.2663734e-02   1.8570052e-01   7.2373508e-02   2.7304113e-01   3.6845103e-03   3.5226725e-02   2.4167846e-02   7.2958766e-02
   2.6705648e-02   2.7695293e-01   4.3325151e-02   3.3573229e-02   4.3588487e-02   1.7660792e-03   2.3112454e-02   5.5874385e-02   2.0511146e-01   1.2767109e-02   2.7722306e-01
   2.6869430e-02   5.1243450e-02   3.5030187e-02   1.5214123e-01   1.0017441e-01   2.1100930e-03   1.1101923e-01   1.4718379e-01   2.5703362e-01   6.2357706e-02   5.4836857e-02
   2.7150016e-02   1.1735759e-01   1.8885143e-01   1.8137230e-01   1.7427590e-02   7.3190739e-03   2.0912616e-01   1.7989894e-01   7.3173687e-03   2.4670628e-04   6.3932836e-02
   2.7299745e-02   5.7290097e-02   2.0996128e-02   1.6752963e-01   1.7965948e-02   4.4932439e-03   2.2333827e-01   2.3796043e-01   1.1898965e-01   1.2272228e-01   1.4145857e-03
   2.7418968e-02   1.0843401e-01   1.2697553e-01   4.6713263e-02   2.0961003e-02   1.4901959e-01   2.2593583e-01   1.3659080e-02   7.4669102e-02   1.5988435e-01   4.6329280e-02
   2.8390165e-02   2.4780318e-01   6.9708993e-03   2.7598698e-01   2.6022385e-02   2.0311462e-01   9.5773813e-02   7.8102136e-02   1.8148326e-02   1.7085032e-02   2.6024689e-03
   2.8840227e-02   8.7054501e-02   2.1688336e-01   3.8323958e-02   2.0889992e-01   1.1389906e-02   1.2209292e-01   1.5528878e-02   2.2136258e-01   3.6798014e-02   1.2825732e-02
   3.0338118e-02   1.4940565e-03   1.4406212e-01   9.0027358e-03   2.5244783e-02   4.6726210e-03   1.7709772e-01   1.9717519e-01   3.8169461e-02   1.5485568e-01   2.1788753e-01
   3.1065406e-02   3.2809534e-02   2.9012582e-02   2.4522464e-01   3.7001092e-02   1.8370316e-01   2.1112382e-01   1.8762581e-01   5.7494110e-03   2.0149350e-02   1.6535201e-02
   3.1117079e-02   2.7013962e-01   2.6226747e-02   3.8160123e-03   1.8168139e-01   3.3499779e-02   8.5431417e-03   4.7425988e-02   2.2276784e-01   1.7452890e-02   1.5732951e-01
   3.1831909e-02   8.7803069e-02   9.4699138e-03   1.9290515e-01   1.0292933e-01   2.5775612e-01   5.6139595e-02   9.8867930e-02   2.2961606e-02   3.3481768e-02   1.0585361e-01
   3.1849881e-02   9.4630927e-02   1.8512295e-03   1.2279089e-02   3.0040554e-02   1.5885217e-01   3.3876524e-02   2.2683243e-01   2.1782063e-01   2.5018565e-02   1.6694801e-01
   3.1915829e-02   4.6085831e-02   2.6146882e-01   7.2169301e-03   8.1385582e-02   5.3972307e-02   2.7906718e-03   1.9076903e-01   2.9979370e-01   5.7086593e-03   1.8892640e-02
   3.2114396e-02   2.1385091e-01   1.0191975e-01   8.4564742e-02   4.8086123e-02   2.1947618e-01   3.1006464e-02   2.0242238e-02   1.2942410e-02   2.0921381e-02   2.1487541e-01
   3.2442244e-02   5.8852345e-02   3.5838899e-02   1.7822151e-01   6.3127147e-02   4.4675874e-02   3.3535025e-02   7.2087252e-02   1.8450524e-01   1.7552710e-01   1.2118736e-01
   3.2521052e-02   1.5826569e-01   2.1210809e-03   1.4943179e-01   3.2121071e-02   1.5629688e-01   1.3104580e-01   2.1280727e-02   1.5938466e-01   1.1399441e-02   1.4613181e-01
   3.2853962e-02   1.6459974e-01   1.4447489e-01   1.5112438e-01   1.9182958e-01   6.5063649e-04   2.4549547e-02   3.7099670e-02   3.0690365e-02   6.3753206e-02   1.5837402e-01
   3.3933058e-02   5.0031165e-03   2.6378695e-01   1.1305685e-02   1.0521560e-01   5.8766572e-03   2.1148628e-01   9.0052702e-03   2.0386363e-01   1.3939682e-01   1.1126932e-02
   3.3938631e-02   1.4990917e-02   3.4905787e-02   1.1147645e-01   4.0812795e-02   1.5668556e-01   1.8524778e-01   2.1873013e-01   8.8163122e-03   1.7786468e-01   1.6530943e-02
   3.4459236e-02   1.5101117e-02   5.4566673e-02   1.3758168e-01   8.5982172e-02   3.3001377e-01   2.2197249e-01   5.1459439e-03   5.2561926e-02   1.9947186e-02   4.2667805e-02
   3.4910139e-02   1.6350228e-01   1.0910199e-01   1.4986183e-01   6.2207434e-03   3.9553120e-02   4.8426734e-02   1.9619964e-01   3.0942571e-02   1.7789536e-01   4.3385580e-02
   3.5193942e-02   1.8701081e-01   1.1184353e-01   4.6604118e-02   1.9935951e-02   1.1178844e-02   9.0295605e-02   6.3988570e-02   7.9825803e-02   4.0214520e-02   3.1390830e-01
   3.5598796e-02   9.9834726e-02   1.3623976e-02   2.9880436e-02   1.9242122e-01   2.4326834e-02   3.1265055e-02   1.5887070e-01   1.8409439e-01   1.5537998e-01   7.4703878e-02
   3.6468161e-02   1.5816604e-02   1.7844620e-01   2.0554653e-01   1.6685956e-01   3.5316493e-02   1.8323259e-01   7.8002908e-02   7.9666155e-02   1.8319997e-02   2.3247915e-03
   3.6882602e-02   2.6208209e-02   1.4375717e-01   1.6370190e-01   1.4924909e-02   7.2078192e-02   2.6387682e-01   8.9647822e-04   2.7998542e-02   2.4747786e-01   2.1973165e-03
   3.7415945e-02   2.0870600e-02   2.5906032e-02   2.2411904e-01   2.5141057e-01   1.1518644e-01   1.0203278e-02   1.0883163e-03   4.1291667e-03   2.7119197e-01   3.8478646e-02
   3.8274442e-02   1.1776167e-01   5.1645739e-03   3.5817393e-02   7.8874628e-02   1.0229520e-01   4.8618903e-02   3.9175153e-02   1.7991908e-01   6.4664332e-03   3.4763253e-01
   3.8347655e-02   1.0176661e-02   7.1873097e-02   1.8502327e-01   2.7400013e-01   6.4897599e-02   2.6276103e-02   2.5001100e-01   2.4300144e-02   4.5265202e-02   9.8291459e-03
   3.9748750e-02   3.3806191e-02   3.0269841e-02   1.2496800e-01   2.7028614e-02   8.1237813e-04   1.6758254e-01   3.4836845e-03   2.5903395e-01   2.2424835e-01   8.9017701e-02
   3.9870138e-02   1.4555034e-01   1.1651847e-01   4.2826972e-02   3.3952102e-03   9.3966236e-02   1.2947647e-01   1.5149938e-01   1.5926837e-02   1.1866379e-01   1.4230616e-01
   4.0345994e-02   7.8298548e-02   1.1705402e-01   1.0263818e-01   4.8083618e-02   2.9555133e-02   3.3238633e-01   4.3183929e-02   1.6632212e-02   9.9525677e-02   9.2296367e-02
   4.0692153e-02   1.7503818e-01   5.9821173e-02   1.0381875e-02   3.4231569e-03   3.0413853e-01   1.7034329e-01   4.6458580e-02   3.1706026e-03   6.1404834e-02   1.2512762e-01
   4.1187833e-02   1.5541987e-01   9.4907504e-02   1.2917099e-02   4.9387186e-02   7.2666926e-02   2.3627536e-01   5.8381106e-02   1.0070054e-01   3.3619363e-02   1.4453722e-01
   4.1466502e-02   2.0916407e-01   7.8031708e-02   2.5251166e-01   8.2708382e-02   4.7392810e-04   3.0905438e-03   1.7883681e-01   1.1095505e-01   3.3702571e-02   9.0587693e-03
   4.1481682e-02   9.3589523e-02   7.9119781e-03   2.5171793e-01   2.5691269e-01   6.2612078e-02   6.7352557e-03   9.5513229e-02   1.0509518e-01   7.6795736e-02   1.6347158e-03
   4.2043299e-02   3.1918161e-02   2.2767001e-01   1.4265405e-02   1.8404118e-02   4.0786514e-02   6.3464237e-02   1.0835514e-01   2.6667318e-01   1.4297992e-02   1.7212195e-01
   4.2299956e-02   1.0380427e-02   1.1103763e-02   3.7435932e-03   6.1361643e-02   1.1476553e-01   2.7750573e-02   2.5390462e-02   1.7599391e-01   2.9254995e-01   2.3466019e-01
   4.2574366e-02   9.0267918e-04   3.4160304e-02   7.8845321e-02   1.4169682e-01   2.8822595e-02   2.1790075e-01   2.5241517e-02   2.5655363e-01   5.2066077e-02   1.2123594e-01
   4.3018003e-02   2.2855906e-02   1.2136164e-01   1.0854961e-01   7.9030470e-02   4.0383923e-01   8.2448695e-02   3.2438659e-02   1.8999338e-02   1.4390997e-03   8.6019347e-02
   4.3805339e-02   2.2545235e-02   8.8909175e-02   7.1197200e-03   1.5997224e-01   8.3535716e-02   9.7784070e-03   2.7593929e-01   3.5972819e-02   9.3531459e-02   1.7889060e-01
   4.4046893e-02   7.8865777e-03   4.3370003e-03   1.1505321e-01   2.6668207e-01   1.4451084e-01   4.0493094e-03   8.4228427e-03   2.8594784e-01   1.0135015e-01   1.7713266e-02
   4.4792197e-02   1.9669477e-01   1.8913661e-03   9.2406626e-03   1.4838410e-01   2.0409772e-01   5.5406590e-03   1.4210659e-01   1.0343918e-02   3.4592110e-02   2.0231591e-01
   4.4884094e-02   2.6803959e-02   2.3645640e-02   4.3142229e-02   1.0010494e-02   1.2671179e-01   1.7985369e-01   9.8827406e-02   1.4067150e-01   4.9690780e-03   3.0048012e-01
   4.5294634e-02   1.8552617e-01   2.9467767e-02   9.6267860e-02   8.6637244e-03   1.6406523e-01   2.5544397e-01   5.3649935e-03   7.8411717e-03   7.1631520e-02   1.3043297e-01
   4.6183922e-02   1.1496166e-03   1.7760736e-01   7.5860330e-02   5.4199251e-03   2.4930426e-01   6.2093480e-02   1.5664297e-02   1.5276941e-03   1.9664055e-01   1.6854856e-01
   4.6496056e-02   8.6553106e-02   1.2795205e-01   1.9019778e-01   6.5951787e-02   5.4848842e-02   6.2902469e-03   9.4257680e-02   1.9556906e-01   2.4106813e-02   1.0777658e-01
   4.7718520e-02   2.5984817e-03   1.9469915e-02   6.4101725e-03   2.6700266e-03   3.3119940e-01   2.4378387e-01   1.2782451e-01   9.4624525e-02   1.2052887e-01   3.1717245e-03
   4.8419028e-02   1.6063092e-01   3.1175616e-03   2.2961978e-02   3.5077478e-02   8.6521101e-02   1.2835279e-01   2.5889870e-01   2.2185948e-01   1.0871888e-02   2.3289075e-02
   4.9044929e-02   4.2072477e-03   5.1452133e-02   1.6151447e-02   5.2619791e-02   2.3233933e-01   5.7925787e-02   1.7096610e-01   5.2135058e-02   2.3990770e-01   7.3250481e-02
   4.9256020e-02   7.2899682e-02   1.6836757e-01   1.6820258e-02   1.1489356e-01   9.2870002e-02   1.3211036e-01   1.4591834e-01   1.6762685e-01   1.9380530e-03   3.7299321e-02
   5.0045216e-02   9.9564035e-02   8.7293932e-03   2.4844231e-01   3.3866632e-02   3.2827405e-02   2.6106379e-01   3.7761559e-02   8.3681915e-03   2.3764678e-02   1.9556679e-01
   5.0753772e-02   1.9485040e-01   1.5393697e-01   9.0629635e-02   1.5690303e-01   1.4823245e-02   3.6959994e-02   1.7635756e-02   6.2505389e-02   2.0874911e-01   1.2252700e-02
   5.1482166e-02   1.8053086e-01   5.7325549e-03   7.7442553e-02   2.8763441e-01   1.1081463e-02   4.7248326e-02   9.1888893e-02   1.6989744e-01   4.4042245e-03   7.2657111e-02
   5.1650731e-02   2.4516558e-01   2.8575318e-02   2.5165186e-01   1.3255571e-01   1.9115015e-03   4.3895978e-02   6.8070526e-02   2.5293521e-02   7.3256554e-02   7.7972713e-02
   5.2479478e-02   1.1199299e-02   3.5093129e-01   3.2521348e-03   7.0741770e-02   4.1890302e-02   1.3085302e-01   3.4214924e-02   9.5380877e-02   3.2630258e-02   1.7642665e-01
   5.2712161e-02   9.5144603e-02   1.6638707e-01   6.3984888e-02   4.5364873e-03   2.0357830e-01   1.0922374e-02   1.7870083e-01   1.1712118e-01   2.4447274e-03   1.0446738e-01
   5.4716611e-02   2.6257186e-03   4.6252211e-02   6.6472189e-02   1.7482674e-01   1.3643708e-01   1.8318363e-01   9.9240375e-02   3.0476202e-02   4.5216421e-02   1.6055282e-01
   5.5203601e-02   5.9168038e-02   8.1455559e-02   3.0185696e-01   3.3805089e-02   6.8010800e-02   6.9502162e-02   2.9465498e-01   3.9882714e-03   2.1456245e-02   1.0898294e-02
   5.6553293e-02   1.8354855e-02   3.0974028e-02   1.5331304e-01   4.2198628e-02   1.9679027e-01   1.4386586e-01   5.8972658e-02   5.9245042e-02   1.6183782e-01   7.7894507e-02
   5.6999587e-02   1.5094987e-01   5.5147652e-02   9.3282278e-02   1.4979967e-01   3.5162689e-01   6.1720574e-03   3.6091489e-02   2.8786400e-02   7.0451550e-02   6.9256228e-04
   5.7814029e-02   1.3097451e-01   1.1135565e-01   6.1766452e-03   8.8729811e-02   2.4665619e-01   2.7301806e-01   1.9633367e-03   6.5738456e-02   1.2252226e-02   5.3210899e-03
   5.9429279e-02   1.5389332e-01   3.7128637e-02   6.7809278e-02   1.9545326e-02   2.4704072e-01   1.8698002e-02   6.9278572e-02   2.5610961e-01   3.0606872e-02   4.0460381e-02
   5.9621293e-02   1.8560614e-01   2.5017676e-01   1.1435699e-01   2.8364103e-03   5.5122528e-02   5.9533061e-02   1.1221841e-02   3.1494818e-02   1.9024244e-01   3.9787723e-02
   6.1611967e-02   1.3343228e-02   8.6379185e-02   4.7072096e-02   2.2520872e-02   1.0851392e-01   3.6661079e-01   2.3397699e-02   1.7001006e-01   1.9762692e-02   8.0777495e-02
   6.3775103e-02   6.4664044e-02   1.8766906e-01   6.3512794e-02   8.8877268e-02   1.8737398e-01   1.0702749e-02   1.2069127e-01   2.4339219e-02   1.8355474e-01   4.8397811e-03
   6.3808559e-02   2.3813914e-02   1.9715840e-01   1.9878431e-01   6.4043231e-02   3.9182848e-02   1.6185092e-03   1.6355546e-02   1.3295848e-03   1.8954963e-01   2.0435547e-01
   6.4265737e-02   5.7924112e-03   2.0932614e-01   6.2892690e-03   2.2011201e-01   1.6098926e-01   1.3820394e-01   2.2624307e-02   1.4957425e-01   2.2030993e-02   7.9169160e-04
   6.4462353e-02   1.5151267e-01   4.2620015e-02   1.1995409e-02   1.5769564e-01   1.9734001e-01   1.2426372e-02   1.3043424e-03   2.0523735e-01   1.1977535e-02   1.4342831e-01
   6.6447405e-02   2.4117716e-02   1.5878420e-01   2.6395664e-03   2.8467667e-01   3.7400263e-03   1.2888212e-02   6.4352405e-03   2.5967863e-01   1.1003138e-01   7.0560956e-02
   6.6634240e-02   4.9210026e-02   5.6587450e-02   4.9764629e-05   2.2853351e-01   4.1877368e-02   3.1634728e-02   2.4112535e-01   1.6336808e-02   2.4650235e-01   2.1508403e-02
   6.6843648e-02   2.8014765e-02   2.9309274e-02   1.1287989e-02   5.3494112e-02   6.6334012e-04   2.0743021e-01   1.1209173e-01   1.0503860e-01   2.4919555e-01   1.3663078e-01
   6.7372779e-02   3.1579071e-01   4.5128420e-02   9.1703115e-02   2.0426495e-02   1.8062437e-01   2.0054017e-02   1.0947017e-01   9.5458232e-02   4.3369535e-02   1.0602162e-02
   6.8481519e-02   9.3331991e-02   7.6879654e-03   6.5253965e-03   8.1253597e-03   5.6058996e-02   4.3036177e-02   2.6115328e-01   5.4250921e-02   1.4148638e-01   2.5986201e-01
   6.9014391e-02   1.9380927e-01   1.7887858e-01   2.7353515e-02   8.2438097e-03   7.9895199e-02   2.1816192e-01   1.6642961e-01   2.2354327e-02   5.6499932e-03   3.0209392e-02
   6.9065901e-02   1.9861088e-01   8.0036966e-02   7.5507403e-03   9.2081831e-02   2.1215669e-01   2.0695061e-02   4.7751212e-03   7.9084376e-02   1.2543102e-01   1.1051141e-01
   6.9662216e-02   6.5573696e-03   2.0474030e-01   2.9099085e-03   2.6839025e-01   1.9727109e-03   5.7989027e-03   5.3302529e-03   1.7393998e-01   2.7784762e-02   2.3291334e-01
   6.9927947e-02   2.6404440e-01   1.0229261e-01   7.9757952e-02   4.6725581e-02   3.7780722e-02   2.2775213e-02   1.3957958e-01   7.8146384e-02   3.9655448e-02   1.1931416e-01
   7.0020115e-02   5.1106949e-03   1.5937553e-01   1.7881464e-03   1.8505872e-01   4.1081149e-03   7.2143939e-03   1.1013708e-01   8.4766637e-02   1.3674217e-01   2.3567840e-01
   7.0710878e-02   6.7637225e-02   1.0496573e-01   7.7305926e-03   1.2915691e-02   2.3233950e-01   2.3456407e-01   2.2526142e-03   2.1815125e-01   7.0468047e-03   4.1685645e-02
   7.4215843e-02   7.6218724e-02   2.2089167e-01   1.6301543e-03   1.0184139e-01   1.0192934e-01   8.5340025e-02   2.1449862e-02   4.4412185e-03   1.9138136e-01   1.2066040e-01
   7.5103250e-02   2.8552770e-03   1.8463026e-01   8.5017907e-02   1.4988291e-02   1.3010307e-01   1.1665869e-02   2.3843050e-01   1.9129578e-01   5.6424040e-02   9.4857546e-03
   7.5785138e-02   3.8098200e-02   2.8556157e-03   3.4663184e-01   6.3597757e-02   1.0279955e-01   3.8023606e-02   7.8788788e-03   4.2518532e-02   7.5605254e-02   2.0620563e-01
   7.6207249e-02   6.6672813e-02   6.2858479e-02   1.4722470e-01   1.0336439e-01   3.8899084e-03   3.8726564e-02   7.1999320e-02   2.8882219e-02   2.6330132e-01   1.3687303e-01
   7.8048930e-02   9.3919418e-02   1.8444314e-01   7.3539415e-03   9.1962925e-02   3.0966900e-02   3.1308546e-02   3.4684798e-02   1.0821553e-02   1.3006375e-01   3.0642610e-01
   7.9104117e-02   1.0268368e-02   1.1955429e-01   3.5084887e-03   4.0914389e-03   4.4008078e-03   2.0353969e-01   8.4414871e-02   2.4968295e-01   1.8532216e-03   2.3958176e-01
   8.0126461e-02   1.2682097e-01   2.2534456e-03   8.6245530e-06   2.0259207e-01   8.6122570e-02   8.1628012e-04   1.2169810e-01   4.7642517e-02   1.9723948e-01   1.3467948e-01
   8.0503614e-02   7.4401464e-02   1.2179845e-01   1.4706238e-02   1.4133169e-01   7.9312211e-02   5.1925534e-02   1.5196837e-01   9.6340696e-02   4.1478332e-03   1.8356390e-01
   8.2789378e-02   2.0082970e-02   1.5492230e-02   1.2991142e-02   8.1977195e-02   6.8050886e-02   2.9800713e-01   3.0847668e-01   2.9013671e-02   1.6717151e-02   6.6401573e-02
   9.1621770e-02   1.4952590e-01   3.2675725e-02   3.4402922e-02   2.7535782e-01   1.0861105e-01   5.1435855e-02   8.5834727e-03   1.9661952e-02   1.9392338e-02   2.0873119e-01
   9.2561343e-02   1.8037161e-02   2.0938678e-02   1.7520812e-01   1.9056809e-01   1.0348833e-01   7.6814471e-03   1.7991587e-01   1.6578242e-01   1.4239633e-02   3.1578907e-02
   9.4397338e-02   1.4146781e-01   1.3502833e-01   2.8727765e-02   9.5992393e-02   9.5899075e-02   2.8309559e-05   1.2838718e-01   1.3980763e-01   1.2835511e-01   1.1909057e-02
   9.7924612e-02   2.3856184e-01   9.0919180e-04   2.1291568e-01   1.6841133e-02   6.4301768e-02   4.9166184e-02   8.9053893e-02   6.1313868e-03   1.9902734e-01   2.5166971e-02
   9.8828489e-02   1.1766656e-01   2.0372686e-02   1.6978890e-01   3.7461617e-02   8.2734137e-02   1.3610702e-01   1.7548168e-01   1.2987697e-01   3.7757654e-04   3.1304354e-02
   9.9423331e-02   6.2541060e-02   6.7961865e-02   3.0981097e-01   1.6109915e-01   3.9015987e-02   1.5763594e-01   7.1361649e-03   4.6906429e-03   1.4780624e-02   7.5904272e-02
   9.9659584e-02   2.0686714e-01   5.6871498e-03   7.4995368e-02   1.1998081e-01   3.9958025e-02   2.9357328e-03   2.0438067e-01   1.1449624e-01   1.3001048e-01   1.0288086e-03
   1.0066222e-01   3.1559488e-02   1.6827444e-02   1.8152860e-01   1.9946564e-01   2.1962389e-01   8.1403640e-03   2.2668903e-02   1.3573830e-01   1.8775680e-04   8.3597391e-02
   1.0279913e-01   7.8460207e-03   8.2699441e-03   1.6865830e-02   1.6086734e-01   2.2643893e-01   6.3779148e-02   4.0185823e-02   2.7446471e-02   3.3883384e-02   3.1161797e-01
   1.0374748e-01   2.0919544e-01   5.5784573e-02   1.2087353e-01   1.0374969e-01   8.1088629e-02   5.9487502e-02   1.3503627e-02   2.0845478e-01   9.5891799e-03   3.4525567e-02
   1.0407019e-01   5.4116357e-03   2.5165653e-04   5.5801841e-02   1.1331083e-02   8.3963132e-02   1.6963803e-01   1.8388013e-01   2.2081348e-01   3.1817831e-03   1.6165704e-01
   1.0652053e-01   1.3791672e-02   3.9217145e-02   4.3466665e-02   1.4481868e-01   1.2491274e-01   3.5546036e-02   9.7564095e-03   8.6047322e-03   2.6710000e-01   2.0626539e-01
   1.0679123e-01   8.7696931e-02   6.3603599e-03   1.4096178e-02   2.2879978e-01   1.4425979e-02   2.1083487e-01   4.5143928e-02   1.1638355e-01   5.5729906e-02   1.1373728e-01
   1.1004765e-01   1.5293026e-03   1.6196062e-01   1.0579933e-01   5.2740859e-03   1.0622650e-01   3.4565060e-03   1.0483876e-01   1.4458485e-01   1.0096588e-01   1.5531650e-01
   1.1262528e-01   1.2263045e-02   9.3785729e-02   2.1512096e-02   1.4295955e-03   2.5854178e-01   3.6235821e-02   2.3175390e-01   1.8601987e-02   3.9292495e-03   2.0932152e-01
   1.1426596e-01   2.5775476e-03   1.1566459e-01   1.4230936e-01   2.0895160e-02   2.6944031e-03   1.0987475e-01   9.8039986e-02   1.6997737e-01   2.8205154e-02   1.9549572e-01
   1.1533728e-01   2.2830104e-02   1.0360971e-02   1.3254966e-01   1.4481593e-01   1.0103557e-02   1.7297378e-01   2.6696362e-02   2.0626910e-01   1.4708085e-01   1.0982407e-02
   1.1712685e-01   1.7009767e-01   1.4409242e-01   2.9035472e-02   1.4046539e-02   1.2022167e-01   1.2027685e-01   2.5937787e-03   3.6150891e-02   3.5616556e-02   2.1074130e-01
   1.1742073e-01   1.6847847e-03   1.3422223e-02   1.9957249e-02   3.9092801e-02   3.6794580e-02   2.2543165e-01   2.3306729e-01   1.2356987e-02   8.1516243e-03   2.9262009e-01
   1.2082072e-01   1.2524749e-01   2.5138397e-01   3.6158127e-02   3.9185813e-02   5.5548840e-02   1.3529916e-03   1.2120446e-01   2.0082213e-02   4.9833697e-02   1.7918169e-01
   1.2103543e-01   2.6998937e-01   1.8401967e-01   2.3380154e-01   6.2412553e-03   1.4880497e-02   2.3656566e-02   7.1642197e-02   4.0146308e-02   2.7448339e-02   7.1388146e-03
   1.2228548e-01   1.6725857e-02   1.9030407e-01   1.5597010e-01   1.0338503e-01   2.5827938e-02   2.1149611e-01   8.1323684e-03   1.8092018e-02   2.2053218e-02   1.2572780e-01
   1.2350651e-01   1.2070834e-02   7.3865479e-02   4.2789354e-02   1.7220052e-01   1.6803470e-01   1.2146791e-02   1.5833240e-01   2.3467700e-02   1.3977388e-01   7.3811839e-02
   1.2873442e-01   1.4338508e-01   1.7413773e-01   5.9137649e-02   1.7171249e-01   1.2596463e-01   3.3657619e-02   1.6063948e-02   1.3789871e-02   6.9871605e-02   6.3544945e-02
   1.2974220e-01   5.2506041e-03   8.9207412e-02   6.7305507e-02   1.1256145e-01   1.7927521e-02   2.4788673e-03   1.4414639e-01   1.4875168e-01   1.9500311e-01   8.7625257e-02
   1.3059539e-01   2.0823343e-03   6.0870401e-03   4.2039515e-02   1.2028145e-01   2.3758698e-01   1.3902352e-02   1.2530630e-01   1.9675517e-01   5.5423747e-02   6.9939723e-02
   1.3090818e-01   5.3429903e-02   9.6969108e-02   4.1288945e-02   1.5491087e-03   1.7666436e-01   2.7613289e-02   6.0559143e-02   2.1603806e-01   1.4758546e-01   4.7394440e-02
   1.3153733e-01   4.6904679e-02   4.3638727e-02   1.7089436e-01   1.9655343e-01   2.2679847e-02   8.9562137e-02   6.2707430e-02   8.0988044e-02   1.1384534e-02   1.4314948e-01
   1.3230166e-01   4.7070449e-02   1.3890813e-01   2.4635221e-03   4.6233489e-02   4.7615968e-02   7.0811439e-02   1.3757623e-01   3.7807234e-02   3.1213425e-01   2.7077628e-02
   1.3476893e-01   1.0028622e-01   1.5387008e-02   3.1609431e-02   7.6258050e-03   2.1895771e-01   4.6800913e-02   2.1131062e-01   7.3653091e-02   1.4955708e-01   1.0043201e-02
   1.3568624e-01   8.0150765e-03   1.0963661e-01   1.8490907e-02   1.6488416e-01   2.1152114e-02   1.9306927e-01   5.2704049e-02   4.6305361e-02   2.0961848e-01   4.0437731e-02
   1.3599252e-01   1.5412114e-02   1.8097196e-01   6.0882411e-03   9.6605437e-02   1.3798420e-01   1.9005624e-01   9.8858734e-03   3.9088715e-02   5.7052446e-03   1.8220946e-01
   1.3838151e-01   2.1552259e-01   3.6997156e-02   1.2626358e-01   3.5592597e-02   1.3582016e-01   1.5210237e-01   6.3342279e-02   1.1277952e-02   1.8152775e-03   8.2884532e-02
   1.3844657e-01   3.8129168e-02   1.2484482e-01   1.1964539e-01   6.6880331e-03   1.4379211e-01   4.1082405e-02   5.1148942e-05   3.0292446e-02   6.9675445e-02   2.8735245e-01
   1.4098992e-01   8.0347712e-02   9.1733782e-02   1.0060098e-01   1.5928687e-03   8.4590762e-03   3.2865890e-03   3.7783289e-02   2.4212740e-01   2.8491132e-01   8.1670675e-03
   1.4133514e-01   1.2097666e-02   2.1106744e-01   1.5482380e-02   2.6265774e-02   5.0675420e-03   4.2815908e-02   3.1020943e-02   1.7635272e-01   1.1781230e-01   2.2068218e-01
