   0.0000000e+00   0.0000000e+00   0.0000000e+00   0.0000000e+00   0.0000000e+00   0.0000000e+00   0.0000000e+00   0.0000000e+00   0.0000000e+00   0.0000000e+00   0.0000000e+00   0.0000000e+00   0.0000000e+00   0.0000000e+00   0.0000000e+00   0.0000000e+00   1.0000000e+00
   0.0000000e+00   0.0000000e+00   0.0000000e+00   0.0000000e+00   0.0000000e+00   0.0000000e+00   0.0000000e+00   0.0000000e+00   0.0000000e+00   0.0000000e+00   0.0000000e+00   0.0000000e+00   0.0000000e+00   0.0000000e+00   0.0000000e+00   1.0000000e+00   0.0000000e+00
   0.0000000e+00   0.0000000e+00   0.0000000e+00   0.0000000e+00   0.0000000e+00   0.0000000e+00   0.0000000e+00   0.0000000e+00   0.0000000e+00   0.0000000e+00   0.0000000e+00   0.0000000e+00   0.0000000e+00   0.0000000e+00   1.0000000e+00   0.0000000e+00   0.0000000e+00
   0.0000000e+00   0.0000000e+00   0.0000000e+00   0.0000000e+00   0.0000000e+00   0.0000000e+00   0.0000000e+00   0.0000000e+00   0.0000000e+00   0.0000000e+00   0.0000000e+00   0.0000000e+00   0.0000000e+00   1.0000000e+00   0.0000000e+00   0.0000000e+00   0.0000000e+00
   0.0000000e+00   0.0000000e+00   0.0000000e+00   0.0000000e+00   0.0000000e+00   0.0000000e+00   0.0000000e+00   0.0000000e+00   0.0000000e+00   0.0000000e+00   0.0000000e+00   0.0000000e+00   1.0000000e+00   0.0000000e+00   0.0000000e+00   0.0000000e+00   0.0000000e+00
   0.0000000e+00   0.0000000e+00   0.0000000e+00   0.0000000e+00   0.0000000e+00   0.0000000e+00   0.0000000e+00   0.0000000e+00   0.0000000e+00   0.0000000e+00   0.0000000e+00   1.0000000e+00   0.0000000e+00   0.0000000e+00   0.0000000e+00   0.0000000e+00   0.0000000e+00
   0.0000000e+00   0.0000000e+00   0.0000000e+00   0.0000000e+00   0.0000000e+00   0.0000000e+00   0.0000000e+00   0.0000000e+00   0.0000000e+00   0.0000000e+00   1.0000000e+00   0.0000000e+00   0.0000000e+00   0.0000000e+00   0.0000000e+00   0.0000000e+00   0.0000000e+00
   0.0000000e+00   0.0000000e+00   0.0000000e+00   0.0000000e+00   0.0000000e+00   0.0000000e+00   0.0000000e+00   0.0000000e+00   0.0000000e+00   1.0000000e+00   0.0000000e+00   0.0000000e+00   0.0000000e+00   0.0000000e+00   0.0000000e+00   0.0000000e+00   0.0000000e+00
   0.0000000e+00   0.0000000e+00   0.0000000e+00   0.0000000e+00   0.0000000e+00   0.0000000e+00   0.0000000e+00   0.0000000e+00   1.0000000e+00   0.0000000e+00   0.0000000e+00   0.0000000e+00   0.0000000e+00   0.0000000e+00   0.0000000e+00   0.0000000e+00   0.0000000e+00
   0.0000000e+00   0.0000000e+00   0.0000000e+00   0.0000000e+00   0.0000000e+00   0.0000000e+00   0.0000000e+00   1.0000000e+00   0.0000000e+00   0.0000000e+00   0.0000000e+00   0.0000000e+00   0.0000000e+00   0.0000000e+00   0.0000000e+00   0.0000000e+00   0.0000000e+00
   0.0000000e+00   0.0000000e+00   0.0000000e+00   0.0000000e+00   0.0000000e+00   0.0000000e+00   1.0000000e+00   0.0000000e+00   0.0000000e+00   0.0000000e+00   0.0000000e+00   0.0000000e+00   0.0000000e+00   0.0000000e+00   0.0000000e+00   0.0000000e+00   0.0000000e+00
   0.0000000e+00   0.0000000e+00   0.0000000e+00   0.0000000e+00   0.0000000e+00   1.0000000e+00   0.0000000e+00   0.0000000e+00   0.0000000e+00   0.0000000e+00   0.0000000e+00   0.0000000e+00   0.0000000e+00   0.0000000e+00   0.0000000e+00   0.0000000e+00   0.0000000e+00
   0.0000000e+00   0.0000000e+00   0.0000000e+00   0.0000000e+00   1.0000000e+00   0.0000000e+00   0.0000000e+00   0.0000000e+00   0.0000000e+00   0.0000000e+00   0.0000000e+00   0.0000000e+00   0.0000000e+00   0.0000000e+00   0.0000000e+00   0.0000000e+00   0.0000000e+00
   0.0000000e+00   0.0000000e+00   0.0000000e+00   1.0000000e+00   0.0000000e+00   0.0000000e+00   0.0000000e+00   0.0000000e+00   0.0000000e+00   0.0000000e+00   0.0000000e+00   0.0000000e+00   0.0000000e+00   0.0000000e+00   0.0000000e+00   0.0000000e+00   0.0000000e+00
   0.0000000e+00   0.0000000e+00   1.0000000e+00   0.0000000e+00   0.0000000e+00   0.0000000e+00   0.0000000e+00   0.0000000e+00   0.0000000e+00   0.0000000e+00   0.0000000e+00   0.0000000e+00   0.0000000e+00   0.0000000e+00   0.0000000e+00   0.0000000e+00   0.0000000e+00
   0.0000000e+00   1.0000000e+00   0.0000000e+00   0.0000000e+00   0.0000000e+00   0.0000000e+00   0.0000000e+00   0.0000000e+00   0.0000000e+00   0.0000000e+00   0.0000000e+00   0.0000000e+00   0.0000000e+00   0.0000000e+00   0.0000000e+00   0.0000000e+00   0.0000000e+00
   4.0488803e-04   8.5392807e-02   4.4735063e-02   3.8588495e-02   5.4126869e-03   1.3472764e-01   1.5793619e-01   2.8887433e-02   6.2735462e-04   3.4465154e-02   1.6386836e-01   8.1887925e-02   1.3078971e-01   1.7572467e-02   2.4142552e-02   3.1365154e-02   1.9196113e-02
   4.3265088e-04   1.8033484e-01   6.8008355e-04   7.3126207e-02   2.8794669e-02   9.3461835e-03   4.1576459e-02   9.5194467e-02   1.4946850e-02   3.7503248e-03   7.6029009e-03   1.8304557e-01   3.0959029e-02   1.0941309e-01   7.4667265e-02   2.6636695e-02   1.1949271e-01
   4.3873641e-04   7.8864801e-02   4.5401182e-02   8.6366409e-02   3.3304668e-02   8.7986629e-02   1.5379065e-03   6.5827161e-02   4.7704963e-02   1.4050200e-02   5.3476146e-02   2.0113185e-02   4.7878609e-02   1.6903286e-01   3.5511821e-02   1.4688556e-01   6.5619163e-02
   6.1627040e-04   1.3396853e-01   3.0594283e-02   4.3619880e-02   1.5716495e-01   5.4276373e-02   1.1000360e-02   1.0900622e-01   7.6940386e-02   1.0989414e-02   1.4834127e-01   2.0163127e-02   7.1415090e-02   3.3377723e-03   2.7547235e-02   1.2175246e-02   8.8843599e-02
   6.2162767e-04   4.8396798e-02   1.5183284e-01   6.6054299e-03   2.1953823e-02   2.2398180e-03   1.0786421e-01   2.1827693e-02   4.0449012e-02   1.7893554e-02   3.8654262e-02   1.3739934e-01   8.7927003e-02   2.8221940e-02   1.4014124e-01   1.1177830e-01   3.6193109e-02
   8.2299511e-04   2.6186891e-02   6.2989632e-02   1.2181006e-01   2.7684804e-02   1.2870989e-01   2.5026035e-03   6.7710662e-02   9.9814115e-02   1.2375729e-02   1.4512413e-01   1.4839192e-01   1.2683506e-02   7.6142399e-04   1.0728904e-01   2.2722502e-02   1.2420101e-02
   8.2376866e-04   1.2148111e-01   5.8211379e-02   1.3174019e-01   1.6168781e-02   4.2546487e-03   5.8500673e-02   1.1397836e-01   1.8161302e-02   2.2848358e-02   4.7937890e-02   8.5704691e-02   5.0782305e-02   3.0575647e-02   1.1079752e-01   5.9401645e-03   1.2209322e-01
   1.0198003e-03   5.2719046e-02   4.1649714e-03   1.5966990e-02   2.2739209e-03   5.4297440e-02   1.0869584e-01   2.8697906e-03   1.4800149e-01   1.3949089e-01   3.8459680e-02   1.1114620e-01   1.3117267e-02   4.5086007e-02   7.3655112e-02   1.4546767e-01   4.3567876e-02
   1.1644595e-03   1.5980326e-01   1.0719785e-01   5.1289594e-02   1.1798978e-01   1.4685220e-04   1.3933037e-01   6.8677104e-02   1.4255086e-02   3.4646336e-02   5.9695012e-03   1.4826285e-01   2.4127752e-02   2.5000644e-02   2.2946487e-02   6.3281730e-03   7.2863907e-02
   1.2897200e-03   1.4907506e-01   1.2876101e-01   6.8595930e-03   7.0486759e-02   1.2044188e-01   3.1969306e-02   1.6652258e-02   2.9841327e-02   2.9645839e-02   7.5092490e-03   1.0770203e-01   5.1712094e-02   1.3393692e-01   5.3945008e-02   3.6668931e-02   2.3503015e-02
   1.4456177e-03   1.0514331e-02   6.8686312e-03   1.4677245e-01   4.8104971e-02   9.4846108e-02   1.5050960e-01   1.7852184e-02   1.7807307e-01   1.3393014e-01   4.8804044e-02   3.7991999e-02   1.5214814e-02   1.9578015e-02   2.5748502e-02   4.6611242e-02   1.7134285e-02
   1.7007580e-03   5.6338619e-02   1.1723975e-02   4.7522813e-02   1.3338426e-01   1.4618023e-01   4.6088742e-02   1.4902611e-01   1.4336937e-02   9.0170512e-02   6.3460278e-02   2.0821622e-02   2.7896020e-02   4.3834819e-02   1.6449612e-02   1.8901449e-02   1.1216324e-01
   1.7296305e-03   4.3318698e-02   1.0076993e-01   1.5835689e-04   2.4676290e-03   5.8472267e-02   2.8112978e-02   1.0075161e-01   5.1401948e-03   1.9798775e-01   6.3988898e-02   2.0404470e-04   1.7723019e-02   8.6458420e-02   7.8735263e-03   1.1560653e-01   1.6923653e-01
   1.9977266e-03   7.6945048e-04   1.5008288e-01   1.1252923e-01   5.9191556e-02   3.2396100e-02   2.4071796e-02   3.6233275e-02   1.1431426e-04   1.2905325e-01   6.1216400e-02   1.1607869e-01   7.0795139e-02   1.1894805e-01   3.2017559e-02   3.5568245e-02   1.8936345e-02
   2.0244476e-03   3.8259663e-02   2.2292325e-02   1.6422425e-01   1.2464799e-01   4.0292181e-03   4.6099582e-02   1.2881556e-04   1.3450656e-01   7.6581271e-02   5.8420912e-03   3.2874962e-02   1.0442098e-01   6.2065259e-02   5.6114058e-02   4.8157467e-02   7.7731061e-02
   2.0704721e-03   1.3899495e-02   5.4491667e-03   7.5085565e-02   1.7099687e-02   1.2706829e-02   2.7518768e-02   1.2569046e-01   5.4911095e-02   1.4431056e-01   6.3207157e-02   1.1154073e-02   1.4051553e-01   1.1777795e-01   1.6633373e-02   1.3673010e-01   3.5239722e-02
   2.5638224e-03   3.2522955e-02   3.0959310e-02   1.7073495e-01   1.5223165e-02   1.0520291e-01   7.1845367e-02   1.3669583e-02   9.1708366e-02   9.5531194e-02   3.2530189e-03   2.9362742e-04   1.8371215e-02   1.2974496e-01   6.5727228e-02   1.5128813e-01   1.3601947e-03
   2.9973919e-03   1.2522645e-02   9.5802716e-03   1.2415423e-02   1.4480344e-01   9.5267519e-02   1.4045511e-01   4.3327547e-02   2.9783368e-02   8.5455778e-02   1.5085218e-01   3.1652683e-02   7.2403504e-02   2.7192054e-03   6.2217494e-03   3.1861635e-02   1.2768055e-01
   3.0730359e-03   3.1045542e-02   7.6484888e-02   1.4280767e-01   8.2879373e-02   7.7460627e-03   2.7310151e-02   2.0098582e-02   1.2141862e-01   2.6394702e-02   1.3813568e-01   2.3504169e-03   1.1278687e-01   1.1565025e-02   1.4197365e-01   1.5799242e-02   3.8130490e-02
   3.1183228e-03   2.5869904e-03   1.5075164e-01   8.9924115e-03   1.0781650e-02   1.2223125e-01   1.4762892e-01   7.7099473e-03   2.8852875e-02   1.3225796e-02   7.0452734e-03   5.7445813e-02   1.5210385e-01   3.2966263e-02   9.6893015e-02   1.3523624e-01   2.2429742e-02
   3.3152563e-03   3.5191074e-03   7.5950528e-02   8.0488896e-03   1.6295567e-03   1.5956466e-01   3.6635252e-02   1.2986269e-01   1.8927359e-02   1.2101057e-01   1.8727015e-02   1.3975767e-01   2.6831843e-02   4.6116375e-02   1.4920495e-01   2.6080468e-02   3.4817817e-02
   3.4078891e-03   1.3175558e-03   3.6868567e-02   1.2810058e-01   3.1298879e-02   8.7505632e-02   5.5122287e-02   5.3908724e-02   5.0723354e-03   1.0613353e-01   8.5178819e-02   9.7862478e-02   1.0748596e-01   3.1495770e-03   1.0909608e-01   7.6074526e-02   1.2416581e-02
   3.5447755e-03   6.1089127e-02   7.6062454e-02   1.3759831e-05   1.4661345e-01   2.0391694e-02   4.7389648e-02   1.1641972e-02   1.3969259e-01   6.5590210e-02   5.2750535e-02   8.4742170e-05   6.6945978e-02   1.6462579e-01   2.5596038e-03   8.9943921e-02   5.1059746e-02
   3.5609861e-03   1.2704644e-01   1.8863394e-02   1.3861763e-01   6.0277436e-02   3.6151417e-02   1.2977315e-01   3.2634401e-02   2.9510058e-03   4.0539299e-02   3.2866823e-02   8.1410876e-03   1.3008649e-01   4.3952691e-02   3.5100739e-02   9.1920821e-02   6.7516187e-02
   3.6799080e-03   1.3820755e-01   1.2707676e-02   3.4563484e-02   3.3810116e-02   7.5282443e-02   4.7711709e-02   2.3139292e-03   1.0368085e-01   1.3590711e-01   5.0735531e-03   3.7610869e-03   5.7698144e-02   1.1391982e-02   9.0717442e-02   1.3714491e-01   1.0634811e-01
   3.7182941e-03   8.5946788e-02   1.2729126e-01   1.1016506e-01   2.6292798e-02   1.7867948e-02   2.8257679e-02   1.1829946e-01   2.0213537e-02   3.8032387e-02   6.3209076e-03   2.0235844e-02   1.2320258e-01   1.4373400e-01   6.6377855e-02   6.0144326e-02   3.8992773e-03
   3.7405783e-03   2.5742761e-03   9.2248929e-02   9.4153672e-03   1.6010969e-03   3.2792166e-03   1.4661556e-01   9.8661031e-02   1.5691420e-02   8.7641417e-02   1.0726627e-01   1.4904007e-01   1.4475014e-01   2.4780154e-02   1.2707714e-02   9.3248715e-02   6.7380407e-03
   3.8697202e-03   1.1231474e-01   1.4205122e-03   3.2188079e-02   3.2205659e-02   3.6691952e-02   5.0602413e-03   1.4108932e-01   1.4708338e-01   4.3060366e-02   1.4704822e-01   8.5765532e-02   1.0695930e-02   3.1045896e-02   3.2417654e-02   3.2592791e-03   1.3478351e-01
   3.9381549e-03   1.3424816e-01   3.5858875e-02   1.1772489e-01   1.5507480e-01   1.2155504e-02   9.6356244e-03   5.2771403e-02   9.0213925e-03   1.4175441e-01   7.6900383e-03   2.0754655e-02   8.6285095e-02   4.5012411e-02   6.2723757e-02   1.0334260e-01   2.0082186e-03
   4.4507364e-03   8.1791911e-02   1.3510103e-01   6.8534048e-04   1.1432644e-01   6.5787930e-02   1.4691118e-02   1.4082656e-01   7.4009731e-02   1.1104360e-01   2.1216572e-03   5.3421121e-02   2.2412564e-03   1.5319892e-01   1.6641494e-02   6.1017492e-03   2.3559417e-02
   4.8661860e-03   5.5968997e-02   2.5201159e-02   5.2798886e-03   1.8159013e-02   1.6196714e-02   7.1562475e-02   7.5092922e-02   9.3339882e-03   1.2478509e-01   2.6001773e-02   8.5426078e-02   6.3531615e-02   1.5530952e-01   5.7139967e-03   1.1159628e-01   1.4597431e-01
   4.9020286e-03   2.1579150e-02   1.4474411e-02   1.1097666e-01   9.7006785e-02   8.0428931e-02   7.4042246e-02   9.8027866e-02   2.7805485e-02   1.1891565e-02   2.6452919e-03   1.0662232e-01   5.5745504e-02   1.3719898e-01   6.7954036e-03   1.3147757e-01   1.8379798e-02
   5.1437944e-03   1.2493011e-01   8.8119558e-02   1.5045214e-02   6.3296339e-02   4.9879994e-02   1.2422449e-01   4.8570089e-02   3.5635882e-02   4.5889031e-03   1.3164627e-01   1.2698497e-02   9.6293801e-03   9.8332617e-02   1.3855092e-01   4.1100803e-02   8.6071362e-03
   5.2761147e-03   5.5421299e-02   6.3513500e-02   6.6248232e-02   5.6266249e-02   1.8224096e-01   1.7985365e-02   1.5096990e-01   3.8687901e-02   1.1449051e-01   5.2590463e-02   2.4810133e-02   2.6768327e-03   4.7948337e-03   7.9361158e-03   1.4590292e-01   1.0188659e-02
   5.3435006e-03   1.0136946e-01   2.1117358e-02   2.7630230e-02   1.3988946e-01   4.1835557e-02   1.0681329e-02   1.7761295e-02   7.7230424e-02   4.9213922e-02   1.2421931e-01   1.3726601e-01   1.7887653e-02   9.4337808e-03   1.5670954e-01   5.8362389e-02   4.0487813e-03
   5.4797201e-03   2.9559770e-04   3.1748475e-02   4.5142893e-03   5.1918463e-02   1.2127264e-02   1.2150333e-01   8.4999467e-02   1.2547577e-01   6.4940709e-02   4.5221261e-02   1.1395095e-01   2.9331885e-02   1.5141965e-01   4.5693980e-03   1.3686365e-01   1.5640125e-02
   5.6548419e-03   1.8550526e-02   2.4434532e-02   1.3229625e-01   8.5357059e-02   9.5522829e-02   7.2427888e-03   7.4767298e-02   2.7077270e-03   4.0152986e-02   5.4731900e-02   3.1814891e-03   5.6346354e-02   1.3339078e-01   9.2319750e-02   3.6749797e-02   1.3659310e-01
   5.7332051e-03   6.7072044e-03   9.5433384e-04   3.9412166e-02   6.5700476e-02   6.7227084e-02   2.7283278e-02   7.1194309e-02   2.2206843e-01   1.2620399e-01   3.4130272e-02   2.0087838e-02   3.7122754e-04   2.1684139e-02   5.2184611e-02   1.6829049e-01   7.0766957e-02
   6.0334909e-03   8.9598359e-02   2.2927106e-02   1.3954178e-01   7.5016666e-02   5.3695776e-02   5.0886705e-02   1.4590013e-01   7.3270708e-02   9.1771273e-02   3.1110461e-02   3.2035528e-02   6.8777342e-02   3.7941278e-02   2.1187470e-02   4.2807652e-02   1.7498270e-02
   6.4073188e-03   2.9083172e-02   4.4133146e-02   1.6740689e-02   6.6915741e-02   1.8203155e-01   1.1772434e-02   6.0938297e-02   6.1368639e-02   4.2499826e-02   2.4946226e-03   3.6847378e-02   3.5875840e-02   1.0809957e-01   1.2729221e-01   1.5932612e-01   8.1734542e-03
   6.4925107e-03   3.3793203e-02   8.5557081e-03   9.0581945e-03   5.7538048e-02   3.7703188e-02   1.1842736e-01   7.5884330e-02   1.8263303e-02   7.6756038e-02   1.2735315e-01   4.4553654e-02   4.9729107e-02   3.6766250e-02   1.1461876e-01   1.0465621e-01   7.9850990e-02
   6.5560596e-03   2.7245383e-02   2.9450825e-02   1.7090105e-01   1.5811596e-01   8.3719999e-02   6.7222024e-02   4.1375004e-02   5.2350430e-02   1.8642726e-02   1.1301222e-01   1.7500784e-02   1.4009631e-01   2.2646992e-03   4.8843391e-02   1.1028734e-02   1.1674408e-02
   6.7018494e-03   4.8475170e-02   1.6874783e-02   8.2896956e-02   1.1695660e-01   1.3660113e-01   1.2403842e-01   2.6424773e-02   7.1308545e-04   9.6150797e-04   5.6979935e-02   1.0935993e-02   9.2367893e-02   1.6894750e-02   6.4808732e-02   7.2180527e-02   1.2518790e-01
   6.8725162e-03   4.6466172e-02   7.5743794e-02   3.0981536e-02   7.8463930e-03   1.5553634e-01   1.2003125e-01   5.1493571e-02   3.2395186e-02   2.9564393e-03   1.3237947e-01   4.3684927e-03   5.5389182e-02   3.0765654e-02   1.1146775e-01   7.4383248e-02   6.0923010e-02
   6.8855200e-03   7.0262762e-03   4.7774099e-02   1.5939312e-03   3.2143993e-02   9.6328470e-02   1.0943486e-01   4.5074512e-03   7.4275322e-02   1.2603189e-01   9.2606846e-02   2.0461269e-02   4.6428744e-02   9.4451187e-02   6.0394231e-03   1.1080916e-01   1.2320156e-01
   6.9718103e-03   5.6301922e-02   2.1528692e-02   1.2557253e-01   3.0915443e-02   9.6999440e-04   3.7322383e-02   1.5729474e-02   1.0620363e-01   4.5411200e-03   2.2119252e-02   4.5193537e-02   1.5605445e-01   8.7612031e-02   8.4874948e-02   1.7818081e-01   1.9907972e-02
   7.5937958e-03   3.4554891e-02   9.5072934e-02   9.0390552e-02   2.4703506e-02   3.7598566e-02   2.8855014e-02   8.8021137e-02   1.5545638e-02   3.5603292e-02   1.3669965e-01   1.3287883e-01   3.4754096e-03   3.6540466e-02   8.1335603e-03   1.0254183e-01   1.2179093e-01
   7.8116343e-03   6.6060267e-02   9.5846836e-02   2.8638963e-03   5.4281396e-02   1.3223043e-03   1.0233105e-01   2.4126107e-02   1.3862435e-01   5.2640660e-02   6.5320423e-03   5.3309763e-02   7.9162488e-02   7.0275804e-02   4.4377076e-03   9.8413602e-02   1.4196009e-01
   7.8909897e-03   4.5976565e-03   3.6241533e-02   3.5937656e-02   1.0493034e-01   8.0764698e-02   8.6383536e-02   1.0682251e-01   7.3256829e-02   4.8866194e-03   1.0078055e-01   8.4251111e-02   6.8828069e-02   1.1083721e-01   3.9278246e-03   7.4300303e-04   8.8919865e-02
   8.0892380e-03   3.3557913e-02   4.9791091e-02   5.9366266e-03   1.1465561e-01   2.5415859e-02   1.5819406e-03   2.4574362e-02   6.1405441e-02   1.2329815e-02   2.2958181e-02   6.5894197e-02   1.0930859e-01   1.3029134e-01   1.1881388e-01   8.3851585e-02   1.3154432e-01
   8.1879557e-03   4.5052789e-02   1.6081021e-01   6.6088351e-02   2.1376422e-02   5.6372826e-02   2.7834848e-03   3.4766005e-02   1.6026078e-02   4.1032516e-02   1.9232059e-01   4.3064493e-02   2.0165821e-02   1.5699704e-02   1.5698754e-01   1.1463485e-01   4.6303597e-03
   8.2054969e-03   9.2093710e-02   1.3570035e-01   9.3768188e-02   4.1826987e-03   1.0970526e-01   2.9672528e-02   1.0618017e-01   2.1392695e-03   5.8105149e-02   1.0303262e-01   2.5091729e-02   3.6532222e-02   7.7234999e-02   6.4956824e-02   4.5035433e-02   8.3633429e-03
   8.2986204e-03   6.3991611e-02   1.1428418e-01   1.1618714e-02   3.7958298e-03   7.4371575e-02   1.2355923e-01   5.2249504e-02   1.6615602e-01   2.3082903e-02   6.7618021e-02   2.6524938e-04   4.0275199e-02   2.3387984e-02   1.6645498e-01   2.6237548e-02   3.4352830e-02
   8.3485924e-03   3.6312375e-02   1.2781917e-02   3.6719771e-02   1.7297789e-02   2.4696203e-02   1.5809291e-01   1.4451935e-01   3.0620344e-02   1.8296861e-03   6.1047303e-03   3.0980889e-03   1.2233892e-01   1.2871359e-02   7.4068789e-02   1.5798766e-01   1.5231152e-01
   8.4285125e-03   1.2924414e-01   1.1115147e-01   2.8235388e-03   3.5410122e-02   1.2271142e-01   1.6677863e-02   3.3831469e-02   1.4123265e-01   8.2024625e-03   1.8412350e-02   2.0289354e-02   1.2763999e-01   1.8408880e-02   3.7758458e-02   2.6098978e-02   1.4167836e-01
   8.5487518e-03   3.1075289e-02   6.8993020e-02   3.4595470e-02   1.3945518e-01   3.4003932e-02   1.5931161e-02   1.4344699e-01   8.1700667e-02   2.1028758e-03   7.0026573e-02   5.9636167e-02   3.7780842e-02   2.9032571e-02   1.6398343e-01   4.3461383e-02   3.6225701e-02
   8.5706098e-03   9.9773556e-02   1.6969988e-02   1.1196953e-02   1.1468325e-01   5.5560252e-02   8.0973765e-02   1.0502082e-02   2.2012293e-03   1.1535616e-01   9.1136645e-02   3.8313373e-03   3.7097390e-02   1.2139968e-01   9.4592285e-02   1.1662537e-02   1.2449227e-01
   8.6811829e-03   1.2387992e-01   7.8027611e-02   4.8084254e-02   1.1197840e-01   2.9682400e-02   1.6194727e-02   1.5099048e-01   1.0041758e-02   7.9309763e-02   1.4527193e-02   1.6954097e-02   1.2176922e-02   1.4245332e-01   3.2325600e-03   2.1006582e-03   1.5168476e-01
   8.8652150e-03   1.3499821e-01   5.5059121e-02   8.0271027e-02   2.3303360e-02   6.2700482e-02   1.2646014e-01   9.9584994e-02   4.4927447e-02   3.5550389e-02   1.0879097e-02   1.1990361e-01   3.7650649e-02   2.8059866e-02   1.6043129e-02   1.0991772e-01   5.8255404e-03
   9.5584164e-03   1.4534493e-02   1.0373840e-02   6.3343719e-02   9.6250814e-02   8.6687481e-03   6.7922551e-02   4.4476818e-02   1.2134105e-01   1.0953670e-01   8.4216590e-02   1.1204552e-01   9.7866752e-02   1.4999255e-02   3.8900893e-02   6.8792198e-02   3.7171651e-02
   1.0157965e-02   1.6549796e-01   3.8632666e-03   4.0515490e-03   1.3468313e-01   7.9974063e-02   1.8393271e-02   1.2489745e-01   8.9577585e-03   6.8348960e-02   4.3026840e-02   6.0792781e-02   1.5063443e-01   1.3367617e-02   3.8959899e-02   1.2585659e-03   7.3134508e-02
   1.0279071e-02   3.8459338e-02   1.0831951e-01   1.0079468e-01   1.1304045e-01   6.3578282e-02   2.8517590e-02   4.6457220e-02   5.2541080e-02   2.9381009e-02   1.1108155e-02   5.3218401e-02   1.1838864e-01   8.8931294e-04   1.4981262e-03   1.1042749e-01   1.1310163e-01
   1.0350370e-02   6.3934216e-02   2.5427089e-02   2.3138806e-02   1.2627502e-01   9.4177034e-04   1.2405622e-01   1.9861382e-03   1.3274131e-01   2.0906453e-02   1.2937665e-01   5.7565969e-03   1.1775802e-01   8.9201977e-02   2.9341440e-03   6.0792355e-03   1.1913599e-01
   1.0413505e-02   1.1669136e-01   1.5471522e-01   3.4962740e-02   9.6046888e-02   1.0215066e-01   1.6299825e-02   1.1919307e-01   4.2167196e-02   7.3577048e-02   4.6676730e-03   1.7488800e-02   6.8880848e-03   1.1168494e-02   5.9478707e-02   9.5470640e-02   3.8620082e-02
   1.0543176e-02   1.8461201e-02   1.2056331e-01   4.1861945e-02   1.5378094e-02   2.3118897e-02   1.2141381e-01   2.7962273e-02   9.9779373e-03   2.9755873e-02   1.5861380e-01   7.7713987e-02   3.7295912e-02   3.6076997e-03   1.5764342e-01   1.3673605e-03   1.4472131e-01
   1.0694063e-02   5.9976574e-03   1.6679720e-02   1.3872761e-02   2.0375362e-02   1.8922214e-01   8.3854661e-02   1.8267468e-01   2.4909634e-02   1.2293858e-01   1.7395650e-01   3.6412362e-02   3.5295828e-02   1.6277181e-02   2.6726550e-04   7.0023669e-03   5.9569244e-02
   1.0752006e-02   3.8928033e-02   9.2845865e-02   5.1774941e-04   8.6302844e-02   1.2404314e-01   9.1218459e-03   3.4095186e-02   5.3607063e-02   1.5563565e-01   7.9405289e-02   3.9722622e-02   7.6814561e-02   1.3395214e-01   3.8151947e-02   5.5950496e-03   2.0509021e-02
   1.1524566e-02   1.1886474e-01   1.7100959e-02   1.1606995e-01   1.8983685e-02   2.4412585e-03   5.7740208e-02   2.4941053e-02   6.7393424e-03   6.4151424e-03   4.0299272e-02   1.3517710e-01   1.4140037e-01   9.9221144e-03   6.3664926e-02   1.8595831e-01   4.2756998e-02
   1.1543983e-02   8.6176635e-03   1.2649940e-01   3.4783432e-02   4.0519509e-02   1.2177473e-01   1.4132802e-01   2.0596198e-02   1.3105970e-01   3.8399718e-02   5.6527226e-02   2.6813221e-02   1.6262049e-03   1.1303522e-01   1.3812364e-02   9.8790481e-02   1.4272923e-02
   1.1825527e-02   1.8369962e-01   4.5338734e-03   2.3793076e-02   1.7683996e-02   6.1276511e-02   5.4384654e-02   1.7006443e-01   5.9889687e-03   7.2822843e-02   8.9158199e-02   5.2514970e-02   7.2548346e-02   5.5441015e-02   7.2147568e-02   2.1898749e-02   3.0217653e-02
   1.1832023e-02   7.9368105e-02   2.2538759e-02   8.3694576e-03   3.4307020e-02   1.6371212e-01   7.0047604e-03   1.6628863e-01   1.5559577e-01   3.7545239e-02   2.0132086e-02   3.8318230e-02   8.3912281e-02   2.4021883e-02   5.6780738e-02   8.0514122e-03   8.2221487e-02
   1.1965241e-02   2.7484191e-03   6.5298593e-02   1.0980496e-01   7.4548468e-03   1.1124687e-02   1.2751010e-01   2.5753302e-02   4.5933723e-02   3.0496511e-03   1.0827194e-01   1.1850500e-01   1.1658751e-01   5.9129172e-02   2.9397279e-02   5.1444533e-02   1.0602104e-01
   1.2249898e-02   1.2977879e-01   2.6980643e-02   5.2218325e-02   9.9560034e-02   8.6424299e-02   2.1506625e-02   4.0277857e-02   4.9735405e-02   2.6645750e-03   4.5109510e-03   1.1004672e-01   7.7628351e-03   2.7850832e-02   1.3753030e-01   5.6258166e-02   1.3464374e-01
   1.2345257e-02   1.1246474e-01   1.9734356e-02   5.0955533e-04   3.9909156e-02   1.0678984e-01   1.7467536e-02   2.3103980e-02   9.8627315e-02   1.2333321e-01   2.7630422e-02   1.4724557e-01   4.6406197e-04   3.8180452e-02   6.3508401e-02   2.5188076e-02   1.4349807e-01
   1.2352164e-02   1.3463220e-01   9.9284707e-02   1.6292606e-02   6.7783582e-02   4.5228581e-02   1.3423871e-01   9.5978317e-02   3.6486139e-03   8.5927054e-02   1.2358199e-01   7.2102898e-02   2.1923627e-02   4.0439963e-02   3.0150437e-05   4.1842187e-02   4.7126524e-03
   1.2470389e-02   7.7756745e-02   1.0056074e-02   4.0036261e-02   2.9033640e-03   1.0685755e-02   9.5300659e-02   1.4633005e-01   1.6517658e-02   1.5367047e-03   1.2325540e-02   1.5267944e-01   6.0854818e-02   9.7193703e-03   9.5485775e-02   1.0496942e-01   1.5037198e-01
   1.2824069e-02   1.3070883e-02   1.1330276e-02   1.4040583e-01   8.9239882e-03   3.4374597e-02   4.4765310e-02   1.1053336e-02   3.9254575e-02   1.0908565e-01   6.8583525e-02   1.3389395e-01   1.2711830e-01   1.3508543e-01   3.3438616e-02   3.5800172e-03   7.3211652e-02
   1.2841643e-02   1.4178891e-01   4.7051364e-03   2.9969539e-02   1.1418844e-01   1.6367827e-02   1.4524603e-01   1.1276759e-01   1.9876390e-03   1.0420832e-02   8.2909066e-02   8.3978363e-02   1.3268596e-02   1.5060285e-01   8.3583744e-03   6.3954729e-02   6.6444463e-03
   1.3815170e-02   1.1511626e-01   7.0297684e-03   1.2567007e-01   1.3446667e-01   7.5493508e-02   9.7786015e-03   6.8744790e-02   1.2696063e-01   3.5110782e-02   1.6155869e-02   1.1230073e-01   7.3238076e-03   1.3244301e-02   1.0535542e-01   1.6473662e-02   1.6959959e-02
   1.3981053e-02   1.7981963e-02   2.4065759e-02   2.6344922e-02   3.1046466e-02   4.8464728e-02   2.6459941e-02   4.6956995e-02   1.6491861e-01   1.6879716e-02   1.3309221e-01   1.0625695e-01   5.3894358e-02   9.3038305e-02   1.3282098e-01   3.2327519e-02   3.1469522e-02
   1.4335955e-02   1.7724208e-01   8.2287211e-02   1.3581699e-01   6.4377281e-02   1.9568228e-02   4.4665899e-04   2.4273904e-02   9.7005306e-02   1.3622119e-02   5.6915346e-03   5.1192890e-02   6.4722057e-02   4.7466034e-03   4.6880505e-02   1.6675994e-01   3.1030735e-02
   1.5013192e-02   6.4915817e-02   1.0615631e-01   8.0881873e-03   4.6245278e-02   9.2405806e-02   3.8458595e-02   4.3601561e-03   4.0630742e-03   4.4693327e-02   1.7302688e-02   2.3595931e-02   6.9317262e-02   1.6517473e-01   3.4989748e-02   1.0467115e-01   1.6054875e-01
   1.5500340e-02   2.2529343e-02   3.0636128e-02   4.7769181e-02   1.7353432e-02   6.5589244e-02   9.4657660e-02   7.7281064e-02   7.3150513e-03   1.3310857e-01   1.2073760e-01   2.5075586e-02   1.4474454e-01   1.1546731e-01   2.7176831e-02   3.0668445e-03   5.1991280e-02
   1.5572462e-02   4.8364637e-02   1.2318883e-03   1.0172477e-01   2.9416494e-02   7.0660563e-02   5.6610039e-02   1.6527556e-01   2.5195542e-02   2.0185134e-01   3.0068631e-02   1.6781190e-02   3.8278019e-02   4.3457812e-02   1.1445045e-01   2.2364183e-04   4.0836962e-02
   1.5757429e-02   7.1481903e-03   6.8838412e-02   9.6299812e-02   1.1283621e-02   7.9695045e-02   1.0442430e-01   1.9630026e-02   1.5052614e-01   3.4370415e-02   2.9888716e-02   8.2526260e-02   1.0031958e-02   2.4552120e-02   1.0200374e-01   3.9869059e-02   1.2315475e-01
   1.5794264e-02   1.2100274e-02   1.8582349e-02   1.3737172e-01   1.0702225e-01   1.2253365e-02   1.1015032e-01   1.0238409e-01   1.7398364e-02   3.3856841e-02   1.2353205e-01   1.1317800e-01   2.3919835e-03   5.0371836e-03   7.1114062e-02   1.1644191e-01   1.3909687e-03
   1.6092920e-02   1.6192163e-02   1.1395811e-03   4.4120170e-04   1.5586868e-01   2.9382587e-02   6.1513263e-02   4.5829846e-02   5.0882243e-03   1.3727647e-01   2.7847591e-03   1.5146348e-01   3.6701298e-02   4.9336414e-03   1.3490133e-01   6.5873242e-02   1.3451731e-01
   1.6516591e-02   4.0576482e-02   1.7849345e-02   9.2260540e-02   1.3382113e-03   1.5749240e-02   2.5324288e-02   1.8233634e-02   2.9723535e-02   1.3246982e-01   9.1534282e-02   2.0138671e-03   1.3759354e-01   3.5692406e-02   7.4087154e-02   1.1454829e-01   1.5448877e-01
   1.6521159e-02   3.4886428e-02   8.8395694e-02   1.6592628e-01   4.5078405e-02   1.3260816e-02   6.1001034e-03   1.1035041e-01   3.3990329e-03   1.3840245e-01   1.2532370e-02   2.8547497e-04   4.8332979e-02   1.5911146e-01   2.8360701e-02   4.1480482e-02   8.7575744e-02
   1.6635386e-02   9.7756817e-03   1.5978863e-01   1.7813240e-02   7.5175527e-03   9.2750784e-03   3.3945192e-02   1.8026582e-02   6.7543051e-02   1.3165178e-01   1.1819260e-01   6.4012509e-02   9.6908765e-03   9.6044087e-02   2.0886085e-01   2.4183286e-02   7.0436167e-03
   1.6789516e-02   1.2556496e-01   6.2341384e-02   1.1570440e-01   3.5393653e-02   1.0232990e-01   2.3811554e-03   3.2052409e-02   3.1177678e-02   8.2607988e-02   1.2962343e-02   6.8593766e-02   9.8514543e-02   9.6955383e-02   8.6441731e-04   1.1871720e-02   1.0389479e-01
   1.6859015e-02   2.6316568e-02   3.8492460e-02   1.6590376e-01   3.2110140e-02   4.9524224e-04   6.9458363e-03   1.2396325e-01   1.4452919e-01   8.4931313e-03   7.9583735e-02   2.8824028e-03   1.2634042e-01   9.0007826e-02   1.6513026e-02   4.6741008e-02   7.3822983e-02
   1.8183831e-02   1.1561629e-01   1.6483117e-01   6.5720410e-03   8.1303768e-02   3.0863721e-02   1.3482824e-01   6.4413963e-02   2.8431559e-03   4.2859811e-02   4.8418254e-02   4.0196252e-02   1.2307616e-01   8.6245497e-03   1.0923217e-01   7.7217227e-03   4.1491182e-04
   1.8305575e-02   9.8431546e-03   9.7805266e-02   1.3728988e-01   8.9974827e-02   1.1304261e-01   2.0517648e-03   1.0381009e-01   6.2445991e-02   3.0241407e-02   3.2207596e-02   2.9724081e-02   5.5452297e-02   1.5275403e-01   1.5992939e-02   3.9520134e-02   9.5383726e-03
   1.8551801e-02   1.1373580e-02   5.9869769e-02   5.9936501e-02   9.3319853e-03   1.5569744e-01   1.6661276e-01   1.3170781e-01   6.8577205e-02   1.2359613e-02   1.6671039e-01   8.6075801e-03   2.7526841e-02   5.3637621e-02   1.7903803e-03   4.1862538e-02   5.8461755e-03
   1.9151142e-02   4.4427638e-02   1.4752176e-01   3.2864731e-02   2.8181517e-02   4.8993924e-02   4.2190594e-02   2.5463302e-02   5.7778797e-03   4.1982322e-02   1.0640571e-01   1.5791092e-02   1.4423029e-01   3.5094860e-02   2.5431842e-02   2.1631057e-01   2.0180821e-02
   1.9614214e-02   6.1331484e-02   5.8985725e-02   5.5342971e-02   3.1166843e-04   1.0629902e-01   3.6670214e-02   9.2484413e-03   1.0862294e-01   1.8449450e-03   1.0725517e-01   9.0007326e-02   5.4328351e-02   7.7515381e-04   1.2473793e-01   1.1919286e-01   4.5431593e-02
   1.9617169e-02   7.7857921e-02   7.6064013e-03   9.8178018e-03   1.1992880e-03   1.4920364e-01   6.9616020e-03   7.7559207e-02   3.2922299e-02   7.1082992e-02   7.8550802e-02   1.3513812e-01   2.0255082e-02   5.8479309e-04   1.3355478e-02   1.5017491e-01   1.4811249e-01
   1.9943134e-02   5.7813671e-02   1.3815726e-01   3.2745344e-02   5.2730902e-02   4.8112663e-03   1.2054137e-02   1.0373948e-01   1.4376861e-01   1.4604801e-02   1.4435742e-01   1.4875700e-02   7.2032713e-02   1.7773467e-02   3.7449133e-02   1.3139377e-01   1.7491948e-03
   2.0057745e-02   6.5322922e-03   4.0706662e-02   1.3638471e-01   3.4548474e-02   5.3812254e-02   9.6907169e-02   1.2215340e-02   9.7273308e-02   5.1810503e-02   1.4266773e-01   1.3103452e-01   5.3937197e-03   1.2441944e-01   2.5879512e-02   1.2847769e-03   1.9071845e-02
   2.0079683e-02   5.3579978e-02   5.4989926e-02   1.1919579e-01   5.7059043e-03   3.9168736e-02   5.5576655e-02   1.1196364e-01   1.9665651e-02   4.4733842e-02   1.5336263e-03   4.4789837e-02   1.5330601e-01   4.1252823e-02   4.0858935e-02   6.1015692e-02   1.3258328e-01
   2.0633919e-02   6.3501235e-02   1.1558536e-01   2.6418114e-02   4.5058712e-02   7.9575752e-02   1.8770817e-01   1.8237735e-02   1.2961801e-02   3.4712945e-02   3.4709794e-02   1.3271276e-02   5.2762805e-02   5.3731952e-02   6.0634358e-04   1.8183122e-01   5.8692870e-02
   2.0746299e-02   1.0062327e-03   1.7213024e-01   6.2674730e-02   1.0463035e-01   1.1648552e-01   2.4424792e-02   6.2360148e-02   5.3002431e-03   1.9755290e-02   4.0434151e-03   4.0659443e-02   1.2397658e-01   1.1429629e-03   1.5545256e-01   6.9502644e-02   1.5708553e-02
   2.1016064e-02   4.1600191e-02   1.2512593e-01   1.0082702e-01   2.6395865e-02   7.1813517e-03   4.5653338e-02   1.3237290e-01   1.2253778e-01   3.6134727e-02   1.2355020e-01   2.8368545e-02   5.4025004e-03   1.3056483e-02   1.2565124e-01   9.5889268e-03   3.5536944e-02
   2.1427209e-02   7.2208282e-02   1.4944056e-02   1.4250287e-02   1.0840580e-01   1.2175329e-02   3.6602161e-02   2.7103463e-03   2.6901794e-02   1.2734637e-01   3.1786906e-02   1.3303515e-01   1.3155666e-01   1.3699225e-01   5.4768898e-02   5.6828636e-02   1.8059867e-02
   2.1699615e-02   1.2036059e-02   9.5843098e-02   1.1003070e-01   1.0022482e-01   7.7405712e-02   3.5262819e-03   1.7969001e-02   1.0303139e-02   3.2541810e-02   8.7562704e-03   1.2155482e-01   1.1248552e-01   1.2415260e-01   1.2543819e-01   1.8609961e-03   2.4171380e-02
   2.2061957e-02   8.5197038e-02   7.8364188e-02   3.6165263e-02   1.3693788e-01   9.3729197e-02   9.6376826e-02   2.4236112e-02   2.9988808e-02   1.1117645e-01   7.7713347e-02   3.3053876e-02   3.3626262e-03   6.3826481e-04   1.4667808e-01   1.3884139e-02   1.0435948e-02
   2.2937277e-02   8.5290935e-02   7.7764384e-02   1.1982298e-01   3.1872283e-02   1.8272802e-02   1.0045896e-02   1.4967025e-02   5.7545902e-02   1.3618424e-01   1.6172207e-03   5.3608677e-02   3.7381748e-02   4.0961245e-02   1.2483408e-01   1.3064368e-01   3.6249625e-02
   2.3170878e-02   1.4840896e-01   5.2804990e-03   1.1516165e-01   3.7737144e-03   1.1532738e-01   5.4141363e-02   3.4378985e-02   1.5690781e-02   1.3150202e-01   1.7362620e-02   2.2999790e-02   1.4314759e-01   9.3626116e-03   6.8591428e-02   8.1942157e-02   9.7575689e-03
   2.3195755e-02   4.3138780e-02   6.5952284e-02   9.2953489e-02   6.1912578e-03   1.1473457e-01   9.8469677e-02   7.8008889e-02   3.2085953e-02   8.4682733e-02   1.3143285e-02   3.3881456e-03   8.0188388e-02   1.1067171e-02   1.2406600e-01   5.1107953e-03   1.2362283e-01
   2.4099582e-02   9.3962123e-02   4.3404795e-02   8.6101814e-03   1.6077233e-01   2.1632956e-02   8.3058301e-02   2.6350348e-02   1.0968350e-02   1.2766764e-01   1.3255114e-01   1.1697981e-01   1.2988834e-03   3.9477699e-03   1.7715236e-03   1.1681919e-01   2.6105084e-02
   2.4306949e-02   6.6018694e-02   1.2588749e-02   1.8086439e-01   1.0791605e-02   1.5055943e-01   2.8017312e-02   2.0290774e-02   6.9960987e-02   7.0837716e-02   9.7846651e-02   2.7166211e-02   3.1877484e-02   3.7648761e-03   2.1550827e-02   2.4624834e-02   1.5893251e-01
   2.4880265e-02   1.6851729e-02   1.5186253e-01   1.6351980e-02   1.5162674e-01   5.8565231e-02   2.4146876e-02   8.2503390e-03   6.5727651e-02   4.5514200e-02   1.4551100e-01   1.8305674e-03   3.9388375e-02   2.7702801e-02   1.4716335e-01   3.6814501e-03   7.0944906e-02
   2.5762517e-02   2.0341447e-02   1.5058349e-01   2.3112058e-02   5.0423179e-02   1.1007289e-01   9.9491992e-02   1.4443480e-01   7.7973923e-02   3.3313928e-03   1.0231668e-03   2.3728605e-03   8.0103226e-02   8.1259243e-02   2.3285515e-04   2.7081474e-03   1.2677281e-01
   2.6102370e-02   1.2504641e-01   3.6923559e-02   7.8733768e-02   8.8508100e-02   5.6571927e-03   9.9471808e-02   5.7124304e-03   4.5305069e-02   1.4068481e-02   8.6453590e-02   8.3762276e-02   2.1202831e-02   5.9499949e-04   1.1156483e-01   1.6560112e-01   5.2911697e-03
   2.6502965e-02   7.9949028e-02   1.0293327e-01   9.1598125e-02   2.2007886e-03   7.0847296e-03   1.3683393e-01   4.1472702e-02   7.6915225e-02   8.0041229e-02   1.8322620e-01   1.4960699e-02   2.8055836e-02   5.3345275e-02   1.9983191e-02   1.4737323e-02   4.0159489e-02
   2.7357514e-02   4.9151516e-02   1.6550409e-02   6.8373050e-03   8.1298456e-03   1.0447174e-01   9.2776923e-02   2.1955276e-02   2.2818776e-02   7.6707804e-02   1.2417537e-01   1.3822506e-01   2.6584178e-02   8.6566043e-02   1.2842585e-01   6.2671311e-02   6.5950864e-03
   2.7993714e-02   1.3571703e-01   9.6702205e-02   4.7382161e-04   1.0001118e-02   6.8149848e-04   1.2162212e-01   2.2774246e-02   5.1740518e-02   9.0846293e-02   1.0319101e-02   1.1649938e-01   1.6151361e-02   6.9435245e-02   6.8427836e-02   1.8401457e-02   1.4221306e-01
   2.8161833e-02   3.3204456e-02   1.4484680e-01   3.0613504e-02   9.9199802e-03   3.0776306e-02   1.2874780e-03   5.9462873e-03   8.2036396e-03   1.1701109e-01   1.3861092e-01   2.3881281e-03   1.8346116e-02   8.5172029e-02   1.0734534e-01   1.2002887e-01   1.1813723e-01
   2.9598328e-02   8.4983107e-03   1.2756668e-01   1.9224696e-02   1.4990511e-01   7.5464887e-02   1.2367661e-01   1.8231181e-03   4.0344697e-03   4.6200567e-02   3.7578878e-02   5.9959860e-04   1.0813141e-01   1.3757401e-01   6.7738134e-02   8.6792869e-04   6.1517261e-02
   3.0068938e-02   1.1083262e-02   6.6927409e-02   1.9655780e-02   1.3212252e-01   4.1867754e-02   1.2419293e-01   9.2289163e-02   1.6235040e-01   8.4263622e-02   4.8477932e-02   3.3445059e-02   2.2424935e-02   6.6975220e-02   8.9385521e-03   5.5143270e-03   4.9402196e-02
   3.0728772e-02   1.2952278e-01   3.9017775e-02   2.7264451e-02   1.1661991e-01   1.8296206e-02   2.4676242e-03   1.1861034e-01   4.2070298e-02   8.4798651e-02   8.0314873e-02   6.6869089e-02   2.4759919e-03   1.2205161e-02   4.2396447e-03   1.1466274e-01   1.0983569e-01
   3.0904222e-02   2.0076159e-03   2.2463611e-02   1.4297771e-01   3.7651012e-02   6.6866384e-02   1.5226981e-01   1.2923760e-02   1.0482464e-01   1.3201387e-02   1.3297285e-01   8.3869657e-03   3.7112462e-02   2.6240947e-02   6.4976174e-03   5.8750393e-02   1.4394861e-01
   3.1476152e-02   3.4845210e-03   1.7379536e-01   2.0578317e-02   1.3757511e-01   5.0499636e-02   3.3395173e-03   9.2821835e-02   1.0022179e-02   4.5344624e-02   6.5210648e-02   4.6397399e-02   1.6082658e-01   2.4876969e-02   4.8612294e-04   1.1357244e-01   1.9692589e-02
   3.2684766e-02   4.1297498e-03   8.1126685e-02   4.2860563e-02   4.0435573e-03   1.6948715e-03   1.1201552e-01   6.0334137e-02   6.9180609e-02   1.4264501e-01   5.3434394e-05   1.0740615e-01   1.3952331e-01   6.0740858e-03   1.4211309e-01   8.8737769e-03   4.5240688e-02
   3.2863463e-02   1.1585971e-01   1.0597028e-01   7.1510065e-02   9.2550534e-03   2.6689229e-02   1.1738526e-03   1.6208067e-02   1.0771764e-01   1.2310987e-01   9.8092863e-02   2.0931851e-02   6.5168486e-02   7.1435717e-02   1.8876125e-04   2.2349709e-02   1.1147539e-01
   3.2936356e-02   1.3494456e-01   4.2041951e-02   5.5752663e-02   2.1167235e-02   1.5562297e-02   1.2637269e-01   2.7844459e-02   1.1169374e-01   1.1756947e-01   1.1720192e-02   4.7630450e-02   4.4648045e-02   1.2297784e-01   6.5970180e-02   1.8732021e-02   2.4358466e-03
   3.3104055e-02   2.6362479e-02   4.5688773e-02   1.3219879e-01   8.7791250e-02   6.2445109e-02   2.7696359e-03   1.1533465e-01   3.4596389e-02   1.0091806e-01   1.2898250e-01   1.3933661e-02   2.1726136e-03   3.1898525e-02   1.1723616e-03   1.4461344e-01   3.6017698e-02
   3.3193959e-02   1.0981945e-01   1.1700293e-01   1.6229741e-03   8.0438774e-03   1.2279787e-03   1.2234142e-01   2.1707453e-02   3.5442826e-02   2.0639371e-02   1.5198147e-01   1.1362946e-01   3.9104431e-02   1.4315735e-01   2.8469435e-02   2.5627565e-02   2.6988052e-02
   3.3407421e-02   1.5007595e-01   2.7527044e-02   1.5259033e-02   1.1287545e-01   3.9547600e-02   6.4319568e-03   1.5019805e-01   7.2515611e-02   2.2687342e-03   4.6618186e-02   3.3078566e-02   1.3123148e-02   1.2687468e-01   5.0067375e-02   9.7446489e-02   2.2684706e-02
