   0.0000000e+00   0.0000000e+00   0.0000000e+00   0.0000000e+00   0.0000000e+00   0.0000000e+00   0.0000000e+00   0.0000000e+00   0.0000000e+00   0.0000000e+00   0.0000000e+00   0.0000000e+00   0.0000000e+00   0.0000000e+00   0.0000000e+00   0.0000000e+00   0.0000000e+00   0.0000000e+00   0.0000000e+00   1.0000000e+00
   0.0000000e+00   0.0000000e+00   0.0000000e+00   0.0000000e+00   0.0000000e+00   0.0000000e+00   0.0000000e+00   0.0000000e+00   0.0000000e+00   0.0000000e+00   0.0000000e+00   0.0000000e+00   0.0000000e+00   0.0000000e+00   0.0000000e+00   0.0000000e+00   0.0000000e+00   0.0000000e+00   1.0000000e+00   0.0000000e+00
   0.0000000e+00   0.0000000e+00   0.0000000e+00   0.0000000e+00   0.0000000e+00   0.0000000e+00   0.0000000e+00   0.0000000e+00   0.0000000e+00   0.0000000e+00   0.0000000e+00   0.0000000e+00   0.0000000e+00   0.0000000e+00   0.0000000e+00   0.0000000e+00   0.0000000e+00   1.0000000e+00   0.0000000e+00   0.0000000e+00
   0.0000000e+00   0.0000000e+00   0.0000000e+00   0.0000000e+00   0.0000000e+00   0.0000000e+00   0.0000000e+00   0.0000000e+00   0.0000000e+00   0.0000000e+00   0.0000000e+00   0.0000000e+00   0.0000000e+00   0.0000000e+00   0.0000000e+00   0.0000000e+00   1.0000000e+00   0.0000000e+00   0.0000000e+00   0.0000000e+00
   0.0000000e+00   0.0000000e+00   0.0000000e+00   0.0000000e+00   0.0000000e+00   0.0000000e+00   0.0000000e+00   0.0000000e+00   0.0000000e+00   0.0000000e+00   0.0000000e+00   0.0000000e+00   0.0000000e+00   0.0000000e+00   0.0000000e+00   1.0000000e+00   0.0000000e+00   0.0000000e+00   0.0000000e+00   0.0000000e+00
   0.0000000e+00   0.0000000e+00   0.0000000e+00   0.0000000e+00   0.0000000e+00   0.0000000e+00   0.0000000e+00   0.0000000e+00   0.0000000e+00   0.0000000e+00   0.0000000e+00   0.0000000e+00   0.0000000e+00   0.0000000e+00   1.0000000e+00   0.0000000e+00   0.0000000e+00   0.0000000e+00   0.0000000e+00   0.0000000e+00
   0.0000000e+00   0.0000000e+00   0.0000000e+00   0.0000000e+00   0.0000000e+00   0.0000000e+00   0.0000000e+00   0.0000000e+00   0.0000000e+00   0.0000000e+00   0.0000000e+00   0.0000000e+00   0.0000000e+00   1.0000000e+00   0.0000000e+00   0.0000000e+00   0.0000000e+00   0.0000000e+00   0.0000000e+00   0.0000000e+00
   0.0000000e+00   0.0000000e+00   0.0000000e+00   0.0000000e+00   0.0000000e+00   0.0000000e+00   0.0000000e+00   0.0000000e+00   0.0000000e+00   0.0000000e+00   0.0000000e+00   0.0000000e+00   1.0000000e+00   0.0000000e+00   0.0000000e+00   0.0000000e+00   0.0000000e+00   0.0000000e+00   0.0000000e+00   0.0000000e+00
   0.0000000e+00   0.0000000e+00   0.0000000e+00   0.0000000e+00   0.0000000e+00   0.0000000e+00   0.0000000e+00   0.0000000e+00   0.0000000e+00   0.0000000e+00   0.0000000e+00   1.0000000e+00   0.0000000e+00   0.0000000e+00   0.0000000e+00   0.0000000e+00   0.0000000e+00   0.0000000e+00   0.0000000e+00   0.0000000e+00
   0.0000000e+00   0.0000000e+00   0.0000000e+00   0.0000000e+00   0.0000000e+00   0.0000000e+00   0.0000000e+00   0.0000000e+00   0.0000000e+00   0.0000000e+00   1.0000000e+00   0.0000000e+00   0.0000000e+00   0.0000000e+00   0.0000000e+00   0.0000000e+00   0.0000000e+00   0.0000000e+00   0.0000000e+00   0.0000000e+00
   0.0000000e+00   0.0000000e+00   0.0000000e+00   0.0000000e+00   0.0000000e+00   0.0000000e+00   0.0000000e+00   0.0000000e+00   0.0000000e+00   1.0000000e+00   0.0000000e+00   0.0000000e+00   0.0000000e+00   0.0000000e+00   0.0000000e+00   0.0000000e+00   0.0000000e+00   0.0000000e+00   0.0000000e+00   0.0000000e+00
   0.0000000e+00   0.0000000e+00   0.0000000e+00   0.0000000e+00   0.0000000e+00   0.0000000e+00   0.0000000e+00   0.0000000e+00   1.0000000e+00   0.0000000e+00   0.0000000e+00   0.0000000e+00   0.0000000e+00   0.0000000e+00   0.0000000e+00   0.0000000e+00   0.0000000e+00   0.0000000e+00   0.0000000e+00   0.0000000e+00
   0.0000000e+00   0.0000000e+00   0.0000000e+00   0.0000000e+00   0.0000000e+00   0.0000000e+00   0.0000000e+00   1.0000000e+00   0.0000000e+00   0.0000000e+00   0.0000000e+00   0.0000000e+00   0.0000000e+00   0.0000000e+00   0.0000000e+00   0.0000000e+00   0.0000000e+00   0.0000000e+00   0.0000000e+00   0.0000000e+00
   0.0000000e+00   0.0000000e+00   0.0000000e+00   0.0000000e+00   0.0000000e+00   0.0000000e+00   1.0000000e+00   0.0000000e+00   0.0000000e+00   0.0000000e+00   0.0000000e+00   0.0000000e+00   0.0000000e+00   0.0000000e+00   0.0000000e+00   0.0000000e+00   0.0000000e+00   0.0000000e+00   0.0000000e+00   0.0000000e+00
   0.0000000e+00   0.0000000e+00   0.0000000e+00   0.0000000e+00   0.0000000e+00   1.0000000e+00   0.0000000e+00   0.0000000e+00   0.0000000e+00   0.0000000e+00   0.0000000e+00   0.0000000e+00   0.0000000e+00   0.0000000e+00   0.0000000e+00   0.0000000e+00   0.0000000e+00   0.0000000e+00   0.0000000e+00   0.0000000e+00
   0.0000000e+00   0.0000000e+00   0.0000000e+00   0.0000000e+00   1.0000000e+00   0.0000000e+00   0.0000000e+00   0.0000000e+00   0.0000000e+00   0.0000000e+00   0.0000000e+00   0.0000000e+00   0.0000000e+00   0.0000000e+00   0.0000000e+00   0.0000000e+00   0.0000000e+00   0.0000000e+00   0.0000000e+00   0.0000000e+00
   0.0000000e+00   0.0000000e+00   0.0000000e+00   1.0000000e+00   0.0000000e+00   0.0000000e+00   0.0000000e+00   0.0000000e+00   0.0000000e+00   0.0000000e+00   0.0000000e+00   0.0000000e+00   0.0000000e+00   0.0000000e+00   0.0000000e+00   0.0000000e+00   0.0000000e+00   0.0000000e+00   0.0000000e+00   0.0000000e+00
   0.0000000e+00   0.0000000e+00   1.0000000e+00   0.0000000e+00   0.0000000e+00   0.0000000e+00   0.0000000e+00   0.0000000e+00   0.0000000e+00   0.0000000e+00   0.0000000e+00   0.0000000e+00   0.0000000e+00   0.0000000e+00   0.0000000e+00   0.0000000e+00   0.0000000e+00   0.0000000e+00   0.0000000e+00   0.0000000e+00
   0.0000000e+00   1.0000000e+00   0.0000000e+00   0.0000000e+00   0.0000000e+00   0.0000000e+00   0.0000000e+00   0.0000000e+00   0.0000000e+00   0.0000000e+00   0.0000000e+00   0.0000000e+00   0.0000000e+00   0.0000000e+00   0.0000000e+00   0.0000000e+00   0.0000000e+00   0.0000000e+00   0.0000000e+00   0.0000000e+00
   3.9906754e-04   2.5723802e-03   1.8892359e-02   6.3018267e-02   6.9669286e-02   3.9159913e-03   2.1174590e-02   1.0870372e-01   5.9637927e-02   1.0512675e-01   4.3281240e-03   1.0502975e-01   1.0578819e-01   2.4688955e-02   1.7103201e-02   4.4770504e-03   1.0115354e-01   4.3386744e-02   8.1557624e-02   5.9376482e-02
   8.0956818e-04   1.1635490e-02   1.2363919e-01   2.8994134e-02   3.1497101e-02   6.8143218e-02   1.6513580e-02   2.0675200e-04   1.4364893e-02   5.7000864e-02   9.2131537e-02   6.6226839e-02   2.8524311e-02   1.2193356e-01   4.7051177e-03   1.1977892e-01   5.0701776e-02   9.6042190e-02   5.8587186e-02   8.5637667e-03
   1.4864571e-03   1.2462825e-01   4.9855436e-02   4.6620492e-02   2.2544463e-02   1.1747060e-01   1.4489156e-01   1.7361701e-02   2.7246532e-03   1.9621727e-02   1.0681853e-03   1.4513377e-01   9.0826656e-04   1.9996547e-02   1.2769932e-02   7.6226479e-02   7.1805233e-02   2.4306137e-02   7.7670793e-03   9.2813032e-02
   1.6324798e-03   2.5288496e-02   3.9121061e-02   3.1153748e-02   3.1521979e-03   1.6665853e-03   1.2340743e-01   8.1184745e-02   2.6060347e-02   1.0477145e-02   8.6299565e-02   4.4488143e-02   4.2298740e-02   8.3865992e-02   8.9088389e-02   4.5476453e-02   8.5889723e-02   9.7655524e-02   6.0210283e-03   7.5772204e-02
   1.8672541e-03   8.5927074e-02   1.4000780e-01   3.0242495e-02   7.3697205e-02   1.9788936e-02   2.4688697e-02   2.8120507e-02   2.5438985e-03   5.5298842e-02   9.5122033e-02   9.3331925e-02   2.4593952e-02   1.7783383e-02   2.1847521e-02   1.1315729e-02   9.2727730e-03   1.3679930e-01   2.5219696e-02   1.0253098e-01
   2.0628063e-03   6.4870268e-03   3.3844365e-02   1.7645436e-03   4.8125242e-03   1.0919218e-01   1.5622316e-02   3.8294859e-03   5.1208070e-02   8.2076299e-03   5.6132525e-02   1.0238751e-01   8.4094774e-03   2.1572455e-02   3.2554431e-02   1.1737374e-01   1.0245663e-01   1.1097793e-01   9.7891501e-02   1.1321285e-01
   2.0672018e-03   3.0110379e-02   3.6627525e-02   1.0285019e-02   1.6095980e-03   1.3246832e-01   1.3083672e-01   7.3659528e-02   1.3342964e-02   2.0623028e-04   8.5118267e-02   2.1076717e-02   4.7311268e-02   4.6938660e-04   1.2540405e-01   5.9427258e-02   5.0244590e-03   8.1299290e-02   1.2328812e-02   1.3132700e-01
   2.1748485e-03   1.2243240e-03   3.0847289e-02   9.9476277e-02   7.0816449e-02   6.9388557e-02   1.3016217e-01   8.2991548e-02   1.5316861e-02   1.6390931e-02   2.9984813e-02   1.0533364e-01   1.3883989e-03   9.3778347e-03   1.3199920e-01   3.4038441e-03   1.0711715e-01   3.8991464e-02   2.7039055e-02   2.6575343e-02
   2.3035665e-03   6.2145055e-03   8.8630891e-02   6.8947296e-03   8.9833126e-02   1.2725805e-02   2.5409871e-02   3.3295636e-03   1.2435873e-01   8.0815327e-02   1.5613923e-02   1.3669805e-01   1.5478930e-02   7.6888848e-04   1.2969225e-01   5.5721113e-02   1.2791775e-01   2.5234134e-02   3.3407380e-02   1.8951472e-02
   2.4692134e-03   4.0583100e-03   1.0944269e-01   8.4734913e-03   2.6885151e-02   9.3504661e-02   5.4084528e-02   1.1324892e-02   1.1223804e-01   5.7635533e-02   1.1734151e-01   5.0468068e-02   7.7107155e-02   1.1113579e-02   1.3826233e-02   1.1719778e-01   1.3676644e-02   2.2916504e-04   1.0995687e-01   8.9664965e-03
   2.5307913e-03   2.5380221e-02   1.1629589e-01   7.1802164e-02   2.1668394e-02   1.3584324e-01   5.5436381e-04   8.0430958e-02   4.6759382e-03   1.2203235e-01   1.3989250e-01   1.9041192e-02   8.7276145e-02   9.3036709e-03   1.3810890e-02   3.6877245e-03   2.1596086e-02   3.1960279e-02   5.2182506e-02   4.0034708e-02
   2.6834929e-03   6.0898366e-02   1.8615221e-02   8.8990426e-02   4.0179867e-02   4.3516101e-03   2.3087709e-02   9.3801373e-03   2.7511846e-02   7.7361957e-03   2.1758050e-02   7.7990523e-02   1.3178126e-01   6.1309351e-02   1.1580118e-02   1.3671308e-01   1.1604294e-03   1.4461851e-01   1.1976598e-01   9.8878252e-03
   2.8020361e-03   1.6205109e-02   1.3828048e-01   6.5170691e-02   8.2519965e-02   8.7703731e-02   4.2544249e-02   1.1371597e-01   3.0238640e-02   1.5014244e-02   1.3940130e-01   2.0688367e-02   6.3512819e-03   1.1698501e-01   3.0588895e-03   9.1533181e-03   8.6396115e-03   2.5241676e-02   7.9157521e-03   6.8369682e-02
   2.8419298e-03   6.0631063e-02   5.2427973e-02   7.8490116e-03   6.4582771e-02   2.9135425e-02   4.8341549e-02   5.0351897e-02   4.2976890e-03   1.3131692e-02   8.1205088e-02   8.1645094e-02   2.3448233e-03   1.1272792e-02   1.1040625e-01   7.1807976e-02   8.7116997e-03   9.5306318e-02   9.0955951e-02   1.1275301e-01
   2.8500814e-03   1.2962953e-02   2.1707491e-03   1.4723359e-02   4.2891339e-02   3.6888429e-02   1.3105906e-02   5.2598638e-03   1.1356305e-01   9.7162540e-02   9.7498352e-02   7.0402374e-02   2.8103635e-02   9.5493245e-02   1.6449799e-02   1.4882435e-01   1.3832119e-02   2.1778682e-02   1.3380699e-01   3.2232183e-02
   2.9617892e-03   2.9096504e-03   2.3441495e-02   1.2990159e-01   1.2835816e-02   7.7866519e-02   1.0863721e-01   2.3140782e-02   1.2304214e-01   5.3077012e-02   3.7657721e-02   8.4690112e-02   1.2958734e-03   8.8300954e-02   6.5706857e-06   3.2275111e-03   2.5341992e-02   1.3093245e-01   5.8012177e-02   1.2720642e-02
   3.4509662e-03   1.7250689e-02   2.1390677e-02   1.1130516e-01   8.0323527e-03   7.2807033e-02   9.2151245e-02   4.1492921e-03   9.8074693e-03   3.7796485e-02   1.2161678e-01   4.9326355e-02   1.1496085e-01   7.4460959e-02   2.7443211e-02   7.6161941e-02   8.3231078e-02   6.1594079e-03   9.6219968e-03   5.8876056e-02
   3.4902295e-03   9.6404698e-02   8.0281321e-02   5.4864323e-02   1.1291984e-01   5.3244604e-03   7.6935119e-02   2.4864814e-02   1.7901405e-03   1.1472916e-01   3.5877071e-02   7.2839518e-02   1.0840073e-01   3.5068073e-03   6.7316649e-03   5.9822772e-02   1.0167478e-02   6.4618483e-03   2.3313288e-02   1.0127472e-01
   3.5695163e-03   6.4888708e-02   8.4903496e-03   3.5006757e-02   1.4109788e-01   8.7070702e-02   1.0249611e-02   9.4643176e-02   2.5624028e-02   8.0824048e-03   1.3258204e-02   1.3028735e-02   1.0902323e-01   1.0412789e-01   2.6031973e-02   8.9263405e-02   1.6751230e-02   2.6516407e-03   1.0122128e-02   1.3701843e-01
   3.5793494e-03   1.4738047e-02   9.1498383e-04   7.1075862e-03   8.1024563e-02   1.2084083e-01   1.1162502e-01   7.8966759e-02   2.2739851e-02   2.7271064e-02   9.3044284e-02   8.5303811e-02   3.3202644e-02   9.2441331e-03   6.4122053e-02   5.4303992e-03   4.6798182e-02   1.0077048e-01   7.3803345e-02   1.9472610e-02
   3.6543069e-03   2.3462624e-02   6.4787366e-02   9.1321060e-03   2.8040705e-02   1.1887144e-02   8.3561108e-02   4.6483362e-02   1.1888646e-01   9.3191411e-02   9.3119398e-02   1.3937188e-04   1.2194857e-01   3.9899447e-02   3.4989119e-02   1.1436012e-03   3.9958236e-02   1.2091471e-01   6.1855513e-02   2.9454446e-03
   4.1951043e-03   8.5957724e-02   8.2832911e-02   1.8758725e-02   7.7669196e-02   1.4709080e-01   3.6896934e-02   3.3142368e-03   7.2982575e-03   1.5435048e-02   8.1591820e-02   1.4355190e-02   1.2889568e-02   1.6801572e-02   2.2011460e-02   2.3125242e-03   4.6447538e-02   1.5378760e-01   1.4369720e-02   1.5598407e-01
   4.2696368e-03   5.8011370e-04   1.9422207e-02   1.1753104e-01   6.4044553e-03   1.0869010e-01   1.1077851e-01   5.8429052e-02   4.1907414e-02   1.0121824e-01   6.8871099e-02   1.2437638e-02   6.4044553e-03   5.2210233e-03   2.7520594e-02   2.0884093e-04   2.0095139e-02   8.2306532e-02   1.1128901e-01   9.6414897e-02
   4.3932220e-03   5.4059226e-02   9.6839691e-02   9.2880046e-03   1.5559183e-01   2.3815072e-02   2.8421440e-03   1.3898608e-02   1.5373296e-01   5.9891407e-02   6.3900869e-02   1.1179703e-02   1.3040427e-02   4.9752751e-02   8.8934640e-03   3.7036290e-02   4.7719777e-02   5.2860388e-02   3.2864734e-02   1.0839942e-01
   4.4669832e-03   6.2297044e-02   8.6188690e-03   1.0625240e-01   2.2286282e-02   8.3555657e-03   1.0180427e-01   2.0894240e-03   7.5046762e-02   1.1480731e-01   6.5543702e-02   1.1679578e-01   9.9185347e-03   3.9566606e-02   1.1430382e-01   1.8292206e-02   1.2708073e-02   3.0288108e-03   5.9583359e-04   1.1322173e-01
   4.6358935e-03   7.7274346e-02   1.0006101e-03   2.1835391e-02   1.0327420e-01   5.4312177e-02   9.5180917e-02   3.1607878e-03   4.1845701e-03   1.8511315e-02   1.0044151e-01   5.2940024e-02   4.6101571e-02   4.1471328e-02   4.2896550e-02   1.0122956e-01   1.0172375e-01   8.7209752e-02   8.5873295e-05   4.2529881e-02
   4.6436011e-03   9.5351976e-04   1.1468302e-01   5.2056890e-02   3.3840451e-02   1.0178156e-01   1.2692375e-01   4.2321938e-03   6.1243706e-02   6.2195523e-02   6.3618348e-02   2.0578781e-02   2.1209445e-02   3.9893071e-02   1.7996650e-01   6.5237187e-02   7.3610491e-03   7.9979832e-03   5.8893956e-03   2.5694027e-02
   4.9645222e-03   4.5076792e-03   1.1433628e-01   5.6179307e-03   4.0569752e-02   3.8264795e-02   1.1818432e-01   1.6814862e-02   4.7310348e-02   4.6213281e-02   1.0822914e-01   1.4125535e-02   1.9186932e-02   3.1484248e-02   4.0565006e-02   1.0524414e-01   1.5089952e-01   4.6195809e-02   3.4057671e-02   1.3228240e-02
   4.9732382e-03   1.1194548e-01   2.0620543e-03   8.7898785e-03   9.9477550e-03   6.3495025e-02   5.7977877e-02   8.6183563e-03   1.0763125e-01   1.0359809e-02   1.0346476e-01   3.9391100e-02   4.6989602e-02   9.2123345e-02   2.2478726e-02   1.2593536e-01   3.7322984e-02   7.8702886e-03   1.6222950e-02   1.2240017e-01
   4.9743160e-03   5.3363732e-02   1.0267185e-01   1.5803094e-03   4.6143870e-02   7.0881147e-03   9.5800717e-02   9.3939680e-02   1.3864760e-02   9.2313270e-03   9.6728494e-02   9.8649689e-02   2.8956234e-03   1.6830106e-03   2.6614311e-02   5.9032755e-02   9.4697353e-02   2.1978315e-02   8.2599698e-02   8.6462076e-02
   5.0387180e-03   5.0381949e-03   4.9864040e-02   8.1305743e-02   1.0095858e-01   1.2640213e-02   1.1642298e-02   1.8373885e-03   7.7810788e-03   1.0683560e-01   6.8553089e-02   7.8728727e-02   4.7716097e-03   1.0447423e-01   5.3758312e-02   1.5674137e-02   1.0943255e-01   1.9094486e-03   9.6191787e-02   8.3564260e-02
   5.1443945e-03   2.8078696e-02   1.2236900e-01   3.7576698e-02   1.0630150e-02   1.1474228e-01   9.9806311e-03   6.3194769e-02   5.1178299e-02   3.3330653e-03   4.7240569e-02   1.0251846e-01   5.0852592e-02   6.5762555e-03   1.1856147e-01   2.4235123e-02   9.8690759e-03   1.2139229e-02   5.9446829e-02   1.2233241e-01
   5.1654208e-03   1.1378163e-01   2.6646726e-02   4.9289882e-02   5.4482849e-02   2.9143248e-03   4.0406198e-02   1.2496770e-02   4.8322259e-02   7.4385520e-03   1.2305870e-01   1.1846371e-01   8.3119128e-02   1.2244421e-01   1.4011295e-02   3.2938915e-02   1.1969177e-02   1.5066692e-02   5.4032448e-02   6.3951109e-02
   5.2834542e-03   4.1665278e-02   4.8163061e-03   9.4136398e-02   1.1200398e-01   6.4745640e-02   5.8385195e-02   1.0890080e-01   6.1427882e-02   1.3806879e-01   1.8738472e-02   1.3072205e-02   8.0973037e-02   6.1855643e-02   3.2784149e-03   7.0235782e-02   9.0032664e-03   2.5986181e-03   1.2990209e-02   3.7820631e-02
   5.6327177e-03   5.9024651e-02   1.9825229e-02   8.7924205e-02   6.8683137e-02   5.1175837e-02   1.2734849e-01   1.4774656e-02   8.1582039e-02   8.7469148e-02   1.2025968e-02   1.5697407e-02   6.7997056e-02   1.3383775e-02   1.1672474e-01   1.1416148e-01   2.7620220e-02   1.4211187e-02   6.3206986e-03   8.4173665e-03
   5.9356002e-03   7.8193788e-03   1.8508004e-02   9.0254890e-02   4.1882558e-03   1.8333410e-02   1.1091483e-02   1.2917795e-01   3.3072036e-02   8.0677302e-02   3.8410170e-03   4.1971343e-02   1.0394613e-01   1.1423576e-01   9.2337966e-02   1.1913998e-02   9.0910675e-02   9.7629774e-02   7.1044368e-03   3.7050584e-02
   6.2332652e-03   1.7988153e-02   1.5053104e-03   1.3689264e-01   8.9244388e-02   1.3983784e-01   4.0870938e-03   2.7805889e-02   5.0075626e-02   1.3443733e-01   6.6052172e-03   1.5789371e-02   8.3688553e-02   1.2415623e-02   3.0655022e-02   3.9614478e-02   6.0115896e-02   2.3942865e-02   9.3863896e-02   2.5201547e-02
   6.2568628e-03   4.4535481e-02   7.1906719e-03   2.8843128e-03   1.9310860e-02   3.1216593e-02   5.7954182e-02   9.3394750e-02   1.8261899e-01   9.8312649e-03   2.2386015e-02   1.8601260e-02   8.3412651e-02   1.0311730e-02   9.2064389e-02   1.9928977e-02   5.7188186e-03   3.6280427e-02   1.9712555e-01   5.8976219e-02
   6.3213436e-03   9.7203326e-03   5.3012450e-02   7.2516430e-02   1.2903248e-01   2.0753358e-02   9.5356063e-02   1.5107656e-02   8.4647745e-02   1.4233267e-01   3.1370605e-03   9.6407172e-02   3.7204384e-02   3.5239306e-02   1.9917652e-03   1.3849798e-02   1.1593916e-02   1.0203905e-01   6.5695991e-02   4.0410312e-03
   6.3421962e-03   1.0217233e-01   1.1962561e-01   6.0297378e-02   8.8968224e-02   1.4169210e-01   1.7218926e-02   1.3014590e-01   2.0493383e-02   1.1730926e-02   4.6428666e-02   2.7797957e-02   3.7290876e-02   1.3344370e-02   7.6356172e-02   1.2360950e-02   1.7404452e-02   5.7901244e-02   3.4261529e-03   9.0021890e-03
   6.6554759e-03   4.8510369e-02   1.0602535e-01   1.4122495e-01   1.3298290e-01   1.1210835e-02   2.5439519e-02   2.7849427e-02   1.3495597e-02   1.4543934e-02   1.4399963e-02   1.4615301e-02   6.0361104e-02   1.1502225e-01   3.5798264e-02   8.6777602e-02   6.1494548e-03   2.4789744e-02   1.0103530e-01   1.3112647e-02
   7.0936350e-03   9.8680991e-02   9.2908619e-03   1.2078499e-01   5.0990884e-02   7.3052777e-02   8.8008638e-02   1.7835776e-02   2.2450493e-02   1.3697642e-01   1.0234783e-01   1.3499842e-02   1.0823189e-02   8.4452723e-03   1.6358786e-02   1.2336382e-01   3.2556576e-02   4.0089767e-02   1.8029540e-02   9.3199076e-03
   7.4853774e-03   9.1825606e-02   6.8540635e-02   4.4506938e-04   1.9586241e-02   2.3542061e-03   9.2962056e-04   1.1758227e-01   7.5049595e-03   5.8311690e-02   1.0673043e-01   5.6305130e-02   1.0588341e-01   8.8910359e-04   1.0787232e-01   3.7711623e-03   5.1036657e-03   9.0463003e-02   1.0512492e-02   1.3790361e-01
   7.5762914e-03   1.0098187e-01   8.3683265e-02   1.0677065e-01   2.8520824e-02   1.6910805e-02   8.8008062e-02   6.5409945e-03   6.8663172e-02   3.3814036e-02   6.1882819e-03   4.1081160e-02   1.9700878e-03   8.8570880e-02   1.2302049e-02   9.3960208e-02   9.8942405e-02   4.7376631e-02   4.4402275e-02   2.3736054e-02
   7.7380697e-03   9.7912798e-03   2.5206400e-02   7.5108155e-02   8.8062209e-02   1.2081237e-01   3.9358532e-02   5.8807755e-03   4.2836562e-02   5.0828055e-02   1.0381328e-01   1.9268873e-02   1.8372907e-05   9.9658602e-02   8.8242396e-02   3.2666581e-02   2.6174816e-02   1.0020936e-01   1.2347861e-02   5.1977450e-02
   7.7454319e-03   1.5011270e-02   8.7861493e-02   4.7048103e-02   3.5561844e-02   1.3308714e-01   1.9231692e-02   1.3402235e-01   2.6617428e-03   1.7744952e-03   3.5370006e-02   3.2948060e-02   1.1646923e-01   3.6449091e-03   6.9061436e-03   5.6568030e-02   6.2227231e-02   1.1857944e-01   6.9205314e-02   1.4076063e-02
   8.1266639e-03   3.1362384e-02   2.5244033e-02   2.0690299e-02   6.1790668e-02   1.1192845e-01   1.3777965e-02   1.0999019e-01   7.7063192e-04   6.7115034e-02   1.3918079e-01   9.6539162e-02   3.1946196e-02   1.8681986e-04   1.7000607e-02   1.1823362e-01   8.4489281e-02   3.3627575e-03   1.5435991e-02   4.2828453e-02
   8.2063576e-03   3.3885803e-03   4.8684908e-02   1.9709089e-02   1.2821281e-01   1.5721168e-02   5.5761739e-02   1.2083631e-01   9.2206265e-05   2.9044974e-02   7.3534497e-03   4.0432447e-02   1.2387912e-01   1.3153224e-01   1.1495816e-01   2.6440147e-02   2.8053756e-02   1.4038404e-02   2.4872640e-02   5.8781494e-02
   8.3128953e-03   5.8525881e-02   1.0070995e-01   4.2338970e-03   6.5573770e-03   1.0068414e-03   6.0694462e-02   3.3793727e-02   3.3303214e-03   1.5128437e-02   1.1973667e-01   1.2804957e-02   1.2918549e-01   2.5816445e-02   8.2018846e-02   1.1728411e-01   1.5025171e-02   1.6574158e-02   5.4111269e-02   1.3514909e-01
   8.8924905e-03   1.0420540e-01   4.3567732e-02   1.2114790e-02   8.1613574e-02   6.7258500e-02   1.1532350e-01   3.5443422e-03   3.3006049e-02   1.4361498e-03   2.9462777e-02   1.3845948e-02   3.1996330e-02   1.5476395e-02   3.6888121e-02   1.2841921e-01   3.1881323e-02   5.8311487e-02   5.3916825e-02   1.2883906e-01
   9.3359758e-03   1.5563666e-02   8.6320431e-03   1.0792990e-02   5.9278668e-02   1.2139642e-03   3.7715675e-02   5.7088650e-03   1.4012273e-03   1.2440863e-01   2.9652786e-02   1.0670833e-01   1.0748635e-01   1.1005658e-02   6.7868406e-02   8.4038144e-02   1.2768771e-01   5.4546088e-02   2.4915075e-02   1.1203975e-01
   9.4540949e-03   4.3553087e-02   8.9332018e-02   1.2368343e-02   1.7669061e-03   5.8927465e-02   3.9789807e-02   4.3576034e-02   3.4649717e-03   1.3373414e-01   1.3120999e-01   1.0291654e-01   3.2653342e-02   1.8609881e-02   1.2834163e-01   3.3502375e-03   9.8212442e-03   7.7261984e-02   2.7283783e-02   3.2584502e-02
   9.8016787e-03   1.4649690e-01   7.8633648e-02   1.2144378e-02   1.9081226e-02   8.0203784e-02   3.1764856e-02   1.7036994e-01   3.6812963e-02   3.2265239e-03   4.4860260e-02   6.0015551e-03   2.1620391e-03   4.6287618e-02   1.3053989e-01   4.3402406e-02   5.4876934e-02   2.6252713e-03   6.5187075e-02   1.5521061e-02
   9.8572317e-03   1.0084508e-01   8.3229905e-03   1.2372750e-02   1.2724542e-01   1.8790020e-03   4.2219218e-02   1.0723944e-02   1.1738209e-01   7.4652575e-02   3.4596454e-03   2.7842099e-03   1.0832905e-03   2.8931714e-02   1.0550427e-01   9.6432250e-02   3.6553779e-02   1.2575210e-01   4.2335134e-02   5.1663311e-02
   9.8664880e-03   9.0189862e-02   4.5388051e-03   9.2374352e-02   5.6630068e-03   1.9306285e-02   1.0103411e-01   3.5637826e-02   2.8703231e-03   2.6372106e-02   9.0886314e-02   3.9972188e-02   1.2069123e-02   5.6094678e-02   2.2086742e-02   5.5551933e-02   1.2879838e-01   7.3075459e-02   1.3203211e-01   1.5799093e-03
   9.9872180e-03   4.2331777e-02   1.2598742e-02   4.6992043e-03   1.3326892e-01   1.0663502e-01   9.8540853e-03   1.0263946e-01   2.7400328e-02   1.5517424e-02   1.4456842e-01   1.5887452e-02   3.5250413e-03   2.1311058e-02   6.7832514e-02   1.4363745e-03   9.4115821e-02   4.7198039e-02   1.2405992e-01   1.5133176e-02
   1.0213074e-02   5.9322611e-02   1.0040129e-03   1.0074950e-03   1.2022771e-01   6.4757122e-02   5.0162025e-02   6.4548485e-02   8.5159873e-03   4.2992556e-02   1.0999328e-02   1.0420107e-01   8.7564004e-02   1.4154211e-02   1.7563949e-02   8.4605365e-02   2.5794847e-02   3.0635183e-02   1.0505264e-01   9.6678330e-02
   1.0346620e-02   1.1171590e-01   4.1624951e-02   1.4588233e-01   1.3122613e-02   1.1085137e-01   1.7282380e-02   3.0914854e-02   3.2411778e-02   3.5947164e-02   3.1892640e-02   1.4200251e-02   1.6097741e-01   1.0397560e-01   1.3377246e-02   9.4155746e-03   1.0835094e-01   5.4209585e-03   5.8647000e-05   2.2307587e-03
   1.0360080e-02   1.9071348e-02   3.1631394e-02   7.7666842e-02   7.4299761e-02   1.4121032e-02   1.9642733e-02   8.7244545e-02   8.7460801e-03   4.0073379e-02   1.2903529e-01   4.8796340e-04   3.3413376e-02   1.2821654e-01   2.8787495e-02   8.3875434e-02   1.3370702e-01   9.6705527e-03   8.0858484e-04   6.9140549e-02
   1.0889191e-02   6.7576154e-02   9.5229051e-02   8.0310548e-02   1.2980511e-02   3.6953730e-02   5.1560955e-02   9.0429529e-02   1.2045181e-01   1.5665619e-02   6.4270934e-02   2.5593828e-02   2.7763474e-03   1.5853908e-02   1.0015428e-02   6.9571132e-02   9.6142180e-02   1.2080778e-01   6.6865983e-03   6.2347648e-03
   1.2087901e-02   2.2123520e-02   3.3318124e-02   5.3143071e-03   1.1361383e-02   7.9344892e-02   3.7354146e-02   8.3702847e-02   4.6041137e-03   1.1358846e-01   1.2204147e-01   5.4446179e-02   8.0530677e-02   8.9290382e-02   1.6996713e-02   1.0000365e-02   7.3947151e-02   8.1142279e-02   4.4524601e-02   2.4280495e-02
   1.2246475e-02   1.3811112e-01   2.3186931e-02   4.6621614e-03   2.5480062e-02   1.0282010e-01   2.2316804e-02   2.9240969e-02   3.2046719e-02   1.3033541e-02   2.0949624e-02   7.5217649e-02   1.1899068e-03   1.1380094e-01   6.7786179e-02   6.9724855e-04   9.1717331e-03   1.5676336e-01   6.2677907e-02   8.8600559e-02
   1.2895417e-02   5.5025547e-03   8.0039034e-02   1.1871943e-01   6.8464470e-03   1.9796513e-03   1.3229055e-01   2.3393087e-02   2.7970478e-02   2.1274235e-02   1.0073148e-01   8.2744633e-03   7.2221959e-02   6.8754942e-02   1.1792272e-02   4.3877567e-02   4.3937710e-02   1.1107006e-01   1.0486705e-01   3.5615977e-03
   1.3048812e-02   1.2042365e-02   2.1324863e-02   6.3871393e-03   6.9438907e-02   5.0583260e-03   1.9164914e-02   5.2170197e-02   7.1905535e-02   5.2904236e-02   1.2923094e-01   7.4187744e-03   1.1456626e-01   9.5529059e-04   1.0516408e-01   1.5035848e-02   5.8137083e-02   1.2793375e-01   2.4474366e-02   9.3638318e-02
   1.3309569e-02   6.3785993e-02   1.1123577e-02   1.3472775e-01   1.7724184e-02   5.0800944e-02   2.9939231e-02   5.7109511e-02   1.0873787e-02   2.5790832e-02   1.6801579e-02   9.5810929e-02   2.6437955e-02   6.8271913e-02   6.6774084e-02   1.3128231e-01   1.8476941e-02   1.4994172e-01   2.2694789e-03   8.7477110e-03
   1.3628704e-02   5.2765194e-02   5.7495832e-02   6.9039220e-02   1.0200061e-01   5.2857641e-04   2.4779276e-02   1.0000866e-02   2.8115411e-02   1.7432814e-02   7.4131512e-02   5.6477592e-02   1.1148921e-01   2.4885288e-02   4.2708362e-02   7.3497959e-03   1.6028978e-02   1.0554024e-01   1.0318062e-01   8.2421906e-02
   1.3664980e-02   3.2012783e-02   9.0716641e-02   2.7897897e-02   2.9643084e-02   8.3954274e-02   1.4624983e-02   2.5056962e-02   3.8314479e-02   1.1990932e-02   8.1824232e-02   1.2233878e-02   1.0376634e-02   3.0996802e-02   1.6240775e-01   1.6012527e-03   1.6204873e-01   1.6018920e-01   2.4632448e-04   1.0198180e-02
   1.3781390e-02   6.4324248e-02   6.7482305e-04   6.0957517e-02   8.0930997e-02   1.2093167e-01   9.1354280e-02   6.9786077e-03   2.5136313e-03   1.1943518e-02   2.2261249e-02   9.3161409e-02   1.3765474e-01   1.4769978e-02   6.0150299e-02   3.2361976e-02   7.3979211e-02   3.0189621e-02   3.3913878e-02   4.7166953e-02
   1.3793312e-02   1.2044232e-01   1.2522558e-03   1.1745608e-01   1.1263420e-01   1.3804668e-02   4.2482048e-03   7.5447230e-02   1.4876902e-02   1.1254560e-01   6.1293246e-02   9.8713959e-02   1.9219724e-02   1.4676521e-03   1.2200910e-02   7.8142892e-02   5.0242365e-03   4.3111641e-02   3.1673096e-02   6.2651868e-02
   1.4085218e-02   9.7465587e-02   1.4115003e-02   3.6429034e-02   6.6858424e-02   4.7486028e-03   1.1797468e-03   1.1299036e-01   1.1198721e-01   7.8321268e-02   9.8538647e-02   7.6921079e-02   1.0985834e-01   4.1065435e-03   1.6400905e-02   2.9781678e-03   1.4140900e-02   1.5225410e-02   1.1017429e-01   1.3475259e-02
   1.4311606e-02   9.7122897e-02   1.0796169e-02   8.4397810e-03   9.0959394e-02   1.2527167e-01   1.1486691e-01   1.0628285e-01   4.2877837e-03   2.3980456e-02   1.0765189e-02   1.4575819e-02   8.2587582e-02   7.3860368e-02   4.2534717e-03   9.0963333e-03   2.4097825e-02   5.8249611e-02   1.1812141e-01   8.0728811e-03
   1.4389014e-02   1.8384412e-02   9.6458136e-02   5.5815002e-02   8.1613056e-02   8.1935264e-02   9.4299102e-02   5.3096616e-02   5.1289099e-02   9.7276785e-02   1.4534993e-02   2.1015769e-03   1.3512946e-03   5.8442137e-02   9.7895689e-02   2.3311193e-02   1.0618296e-01   4.0620688e-02   6.4178428e-03   4.5851436e-03
   1.4453727e-02   1.0754339e-01   1.1601629e-01   1.0437742e-01   1.6006427e-02   1.2581324e-01   9.2260996e-02   3.5794669e-02   1.1411061e-02   1.2211041e-02   8.8073407e-03   4.2485281e-03   2.8216151e-02   4.3659729e-02   1.3289509e-01   1.5275787e-02   9.6082927e-02   2.7745222e-02   4.3845954e-03   2.7963674e-03
   1.4597814e-02   7.7439136e-03   7.4334314e-03   1.4914820e-01   4.7541191e-04   1.5406259e-01   1.2064365e-01   3.8514524e-02   5.5252597e-02   5.2844496e-02   2.8386424e-02   2.3811838e-02   6.2431754e-02   8.0828335e-02   7.5774799e-02   1.8043162e-03   4.6530804e-02   7.1849230e-03   6.5270971e-02   7.2592112e-03
   1.4904518e-02   1.6860736e-02   4.9371216e-02   1.1457848e-02   5.5270921e-03   5.2755783e-02   4.2260519e-02   1.5804999e-01   4.6390312e-02   6.5517777e-03   1.0159913e-01   3.2914144e-03   1.6643378e-02   2.9312219e-02   1.4727527e-01   8.1167521e-02   5.5860891e-02   5.6202453e-03   4.7942866e-02   1.0715727e-01
   1.5153688e-02   4.7033447e-02   9.6009290e-02   8.5391115e-03   1.3935306e-02   4.7335736e-02   1.2725959e-01   1.2843283e-03   1.3715193e-01   2.5775489e-02   7.5676299e-03   1.1415486e-02   8.5501411e-02   5.6848767e-02   8.3847971e-03   6.5442346e-02   7.7675584e-02   1.5555986e-02   1.3290105e-01   1.9229028e-02
   1.5223672e-02   8.0196930e-02   2.3683934e-02   1.1403961e-01   1.3278660e-01   5.3164370e-04   2.2453998e-02   3.9560743e-02   1.1949972e-01   3.5556434e-03   1.1419348e-01   4.4805553e-03   5.9360957e-03   6.3697592e-02   1.1716061e-01   6.5022241e-03   2.5923846e-02   8.5813622e-02   1.5927169e-02   8.8323137e-03
   1.5454820e-02   9.4709463e-03   1.9334985e-02   1.1771568e-01   2.4931792e-02   4.7444504e-02   1.0980951e-01   2.0464155e-02   6.2513098e-02   9.2067244e-03   8.8114158e-02   8.5173407e-02   3.1187145e-02   3.8830482e-02   4.2311276e-02   8.8536166e-02   9.3682907e-04   2.3326411e-02   1.1744114e-01   4.7796767e-02
   1.5466131e-02   1.2927449e-01   1.2212991e-02   1.4173604e-01   2.1405541e-02   2.2269177e-02   1.9765021e-03   1.3193617e-01   1.1650059e-01   7.3437611e-02   2.5064923e-02   1.0582670e-02   3.9140171e-02   5.0768168e-03   1.9481431e-02   2.1534163e-02   2.5722024e-02   1.1056531e-01   3.4895689e-02   4.1721556e-02
   1.5821852e-02   5.0297859e-02   1.3842469e-01   1.9977794e-02   1.6134171e-03   5.8440318e-02   1.5303413e-02   1.2887895e-01   1.3988282e-01   6.4693887e-02   7.7757862e-02   4.4539709e-03   3.0464141e-02   1.2065374e-02   1.6748978e-02   1.0300591e-03   5.1396250e-02   8.1018929e-04   1.3983766e-01   3.2100512e-02
   1.5976603e-02   1.2934064e-01   4.4786870e-02   3.2629810e-02   4.7798852e-03   4.4088439e-03   7.7482157e-02   4.5921819e-02   9.9548203e-02   7.1807408e-03   8.9486435e-03   1.2835847e-01   1.0729642e-01   8.9268176e-03   4.8366327e-02   1.5103564e-02   6.0457909e-03   7.7896851e-02   9.7038217e-02   3.9963332e-02
   1.6257118e-02   5.5627812e-03   1.0361560e-01   1.5966422e-01   3.4523371e-03   5.9337929e-02   3.8831682e-02   1.2235251e-03   3.6097932e-03   1.5832754e-01   1.6506384e-01   7.9948168e-03   7.5825757e-03   3.9904976e-02   3.0460493e-02   1.0878108e-02   8.5832606e-02   7.0177732e-02   2.3105196e-02   9.1171331e-03
   1.6437580e-02   9.3708197e-02   5.7618966e-03   1.1490008e-01   5.9581805e-02   1.1499820e-01   6.9478294e-03   4.1771582e-03   3.5032363e-02   2.0164364e-02   7.8021305e-02   1.1458950e-01   3.3729788e-02   5.1138270e-02   3.5893116e-02   2.2662094e-03   1.0317646e-01   8.2126486e-02   9.1953890e-03   1.8154007e-02
   1.6455965e-02   1.3581556e-01   4.5927045e-02   1.7263339e-02   2.7099558e-02   8.9684950e-03   1.2617708e-01   6.9618893e-02   9.5338838e-02   1.1537044e-01   4.0834895e-02   9.0601025e-02   1.0863551e-02   6.9654176e-02   8.0864957e-03   1.6226870e-02   3.1856678e-02   3.8433252e-03   4.7805600e-02   2.2192165e-02
   1.6586879e-02   5.9138652e-02   2.8587440e-02   8.0999647e-02   1.0635998e-01   1.0650952e-01   2.2583351e-02   9.0918091e-03   8.6811566e-02   6.6371283e-03   9.8028382e-02   1.0845985e-02   2.1924079e-03   1.4039376e-02   2.1285502e-02   1.0651842e-01   7.3188736e-02   3.1660428e-02   4.1683209e-02   7.7251578e-02
   1.7308245e-02   3.3552516e-03   2.9081311e-02   1.0411002e-01   1.1237548e-01   1.1051143e-01   2.7576262e-03   1.1643877e-01   8.5957399e-02   1.3510496e-02   6.3532711e-02   7.2985582e-02   7.7168795e-02   6.9843845e-02   2.7000993e-02   7.9358956e-03   1.8127191e-02   5.2605237e-02   1.3648577e-02   1.7451489e-03
   1.7694303e-02   6.9572249e-02   1.1718232e-01   3.9741410e-02   2.0404827e-02   9.6807813e-03   2.7766281e-02   6.3347213e-02   3.5326062e-02   1.1845388e-01   3.9356862e-02   6.9219591e-02   7.9927899e-03   2.7999521e-02   7.1808927e-02   1.7343804e-02   4.7461780e-02   2.3308026e-02   1.0962450e-01   6.6714871e-02
   1.7715139e-02   4.2169199e-02   1.2392347e-01   5.1527692e-03   1.9120297e-02   1.0017346e-01   1.3394871e-02   8.4163961e-02   2.7297083e-03   7.0283206e-03   1.0773166e-03   9.8770427e-02   7.6751120e-02   1.1652402e-01   2.1987804e-02   2.5910192e-02   1.2235985e-01   6.7753828e-02   1.7593530e-02   3.5700719e-02
   1.7953280e-02   5.7921193e-02   1.0950890e-01   1.8897412e-02   1.4854485e-02   7.3504215e-02   1.4250767e-02   2.8833032e-03   1.2038764e-01   1.0032088e-02   4.2703153e-03   1.2121060e-01   3.9777123e-02   6.1381092e-02   9.4535556e-02   2.7529525e-02   4.4747073e-02   7.5898176e-03   1.2282955e-01   3.5936063e-02
   1.8043110e-02   6.4647703e-02   1.8658816e-03   5.1754234e-02   3.0970812e-02   2.2921277e-02   2.9203761e-02   2.5041810e-02   1.1969063e-02   1.1336257e-01   8.9992645e-03   6.0069799e-02   3.2587053e-02   1.5776032e-01   1.4591265e-01   3.2638601e-02   8.9870128e-04   1.2869720e-02   1.5609896e-01   2.2384706e-02
   1.8135820e-02   1.2308182e-01   1.3410642e-01   5.2804467e-02   8.9111925e-03   6.6210735e-02   3.9301488e-02   7.1283235e-02   6.6975212e-02   3.2938323e-03   1.1923723e-01   5.5381396e-03   1.0123367e-03   1.4321937e-01   6.9343595e-02   4.1871700e-03   6.6140953e-03   2.6075890e-02   3.2964256e-02   7.7036962e-03
   1.8166994e-02   1.4954074e-03   9.9781409e-03   1.0036034e-02   7.9741518e-03   1.0527565e-01   9.3703424e-03   8.2581151e-02   7.2020518e-03   4.5997462e-02   9.1368796e-02   1.1123921e-01   4.1031204e-02   9.4013531e-02   7.1661821e-02   1.3123836e-02   5.1329388e-03   6.7862042e-02   9.1450075e-02   1.1503915e-01
   1.8223217e-02   1.1289799e-01   1.7871692e-03   5.9509235e-03   1.2850198e-02   1.0095231e-01   1.9229182e-02   4.0628085e-02   1.2188395e-02   5.1159442e-02   2.1160601e-02   1.1240857e-01   2.3019576e-02   2.2365227e-03   1.1872384e-01   8.5764144e-02   9.4796467e-02   8.4800888e-02   6.3592909e-03   7.4863191e-02
   1.8369748e-02   6.2577455e-02   1.8868715e-04   1.3643871e-02   1.5302112e-02   1.1088468e-01   1.8111959e-02   3.3592408e-02   8.4053779e-03   2.5974411e-02   7.1445007e-02   2.5153519e-02   1.3397958e-01   2.3774775e-02   2.1876860e-02   4.3166701e-02   1.6487607e-02   1.3587738e-01   1.1520458e-01   1.0598328e-01
   1.8453809e-02   2.4646776e-03   6.1210229e-02   5.6068301e-02   4.3720611e-02   2.9743472e-02   6.0915242e-02   1.2536432e-01   1.2802634e-01   2.0928314e-02   7.8298428e-02   2.5053920e-03   2.6815453e-03   9.1030489e-02   4.4330182e-02   7.6101336e-02   5.5406076e-02   1.6119636e-03   1.0839756e-02   9.0299512e-02
   1.8626158e-02   2.9553031e-02   1.8583132e-02   9.0215619e-02   6.2706206e-02   1.3445681e-02   8.9544096e-02   1.6967099e-03   9.7000352e-02   5.8356623e-02   1.0263358e-01   5.4691604e-03   1.6503722e-03   8.2247623e-02   2.9952538e-02   9.0559855e-03   4.0413103e-02   8.5602988e-02   3.6965113e-02   1.2628193e-01
   1.9538197e-02   1.3353489e-03   8.0116483e-03   4.4968377e-02   1.3288570e-01   2.5103970e-02   1.1350672e-01   6.3847518e-02   1.2372733e-01   1.9697807e-02   8.6240242e-03   9.7634829e-03   1.2804695e-01   1.4288423e-01   3.1720900e-02   2.0422495e-02   3.7482048e-03   8.4812683e-02   8.2841731e-03   9.0702518e-03
   1.9590621e-02   1.3014440e-01   6.5853139e-02   5.1544602e-02   1.0568449e-01   9.9246702e-03   1.0394601e-01   6.1434645e-03   3.6379370e-02   1.6242869e-02   1.1028753e-01   7.3572629e-03   9.5042787e-03   2.3264911e-02   6.2233482e-02   8.2727579e-02   2.1118816e-02   1.5545279e-02   1.0788395e-01   1.4623281e-02
   1.9672564e-02   6.5619224e-02   4.7178946e-02   3.7034592e-02   2.7484376e-02   1.1904762e-01   7.3717102e-03   1.3046827e-01   6.6015316e-03   9.9595106e-02   1.0782502e-03   9.3213626e-02   1.0254379e-02   1.2430684e-01   1.6569844e-02   4.4846404e-02   1.4743420e-03   1.2983012e-03   1.3196462e-01   1.4919461e-02
   2.0413519e-02   3.7752878e-02   8.0683600e-02   6.7394487e-02   9.5609013e-02   5.5567786e-02   2.5497439e-03   1.3611853e-02   1.5551582e-02   1.5924079e-02   8.0923894e-02   1.8711737e-02   1.6245386e-02   1.9523472e-02   1.2701571e-01   1.8704532e-02   1.2301851e-01   1.6212800e-02   1.3609711e-01   3.8488310e-02
   2.0414522e-02   1.0608869e-01   9.2384374e-02   6.8127362e-03   8.7670190e-02   3.4437462e-02   2.4125475e-02   1.0983653e-01   3.7225624e-02   1.1575049e-02   5.2668989e-02   8.7196239e-02   9.0480581e-02   7.7671730e-02   4.8328407e-03   1.1583641e-02   6.5920010e-03   8.2115023e-03   2.2648366e-02   1.0754346e-01
   2.1668121e-02   1.6864506e-02   2.8009150e-02   1.8388690e-02   5.2748502e-02   4.4024852e-02   5.8349964e-02   7.9030809e-02   1.0466181e-02   2.3726712e-02   1.2734079e-04   1.7809994e-02   1.0506594e-01   5.3087987e-02   1.0838146e-01   8.4711180e-02   1.5592250e-01   6.1376823e-02   2.1053939e-02   3.9185356e-02
   2.2052211e-02   1.7924106e-02   1.5068984e-02   1.5021635e-03   6.4815456e-02   3.1597346e-02   1.0125779e-01   2.1752053e-02   1.1399915e-01   1.1986082e-01   4.4591681e-02   4.0215125e-02   5.2630259e-02   1.0307197e-01   3.8230962e-02   1.0858725e-01   3.1326187e-02   6.2823949e-02   6.3585534e-03   2.3339862e-03
   2.2624639e-02   8.7585802e-02   1.1727782e-01   3.6578757e-03   7.6092847e-03   1.9869942e-03   1.2633219e-01   4.1546243e-03   1.0589776e-02   2.1315029e-02   1.3163837e-02   4.5813764e-02   1.1721008e-01   4.0665643e-02   4.2923591e-02   2.5108382e-02   4.6829841e-02   2.2602059e-02   1.1163295e-01   1.3091582e-01
   2.3806007e-02   3.1519100e-02   4.6948210e-02   1.9509157e-02   1.4559480e-01   1.3243494e-01   2.7021466e-02   1.1135989e-03   2.9765964e-02   2.1746031e-02   4.7012550e-02   3.9168984e-02   8.6946779e-02   6.2994177e-02   4.0045441e-02   7.2225147e-03   1.1489471e-01   6.1630121e-03   9.7445334e-04   1.1511810e-01
